{
 "cells": [
  {
   "cell_type": "code",
   "execution_count": 5,
   "metadata": {
    "collapsed": true
   },
   "outputs": [],
   "source": [
    "from mpl_toolkits.mplot3d import axes3d\n",
    "import matplotlib.pyplot as plt\n",
    "%matplotlib inline \n",
    "import numpy as np\n",
    "import urllib2\n",
    "import scipy.stats as stats\n",
    "\n",
    "np.set_printoptions(precision=3, suppress=True)\n",
    "url = ('https://raw.githubusercontent.com/Upward-Spiral-Science'\n",
    "       '/data/master/syn-density/output.csv')\n",
    "data = urllib2.urlopen(url)\n",
    "csv = np.genfromtxt(data, delimiter=\",\")[1:] # don't want first row (labels)\n",
    "\n",
    "# chopping data based on thresholds on x and y coordinates\n",
    "x_bounds = (409, 3529)\n",
    "y_bounds = (1564, 3124)\n",
    "\n",
    "def check_in_bounds(row, x_bounds, y_bounds):\n",
    "    if row[0] < x_bounds[0] or row[0] > x_bounds[1]:\n",
    "        return False\n",
    "    if row[1] < y_bounds[0] or row[1] > y_bounds[1]:\n",
    "        return False\n",
    "    if row[3] == 0:\n",
    "        return False\n",
    "    \n",
    "    return True\n",
    "\n",
    "indices_in_bound, = np.where(np.apply_along_axis(check_in_bounds, 1, csv, x_bounds, y_bounds))\n",
    "data_thresholded = csv[indices_in_bound]\n",
    "n = data_thresholded.shape[0]\n",
    "\n",
    "\n",
    "def synapses_over_unmasked(row):\n",
    "    s = (row[4]/row[3])*(64**3)\n",
    "    return [row[0], row[1], row[2], s]\n",
    "\n",
    "syn_unmasked = np.apply_along_axis(synapses_over_unmasked, 1, data_thresholded)\n",
    "syn_normalized = syn_unmasked"
   ]
  },
  {
   "cell_type": "markdown",
   "metadata": {},
   "source": [
    "### 1) Bic keeps getting better as we go up right now--let's look at more clusters!"
   ]
  },
  {
   "cell_type": "markdown",
   "metadata": {},
   "source": [
    "#### 1.1 Looking at BIC curve for more clusters"
   ]
  },
  {
   "cell_type": "code",
   "execution_count": 20,
   "metadata": {
    "collapsed": false
   },
   "outputs": [
    {
     "name": "stdout",
     "output_type": "stream",
     "text": [
      "(29L,)\n",
      "[ 582952.469  581496.369  579983.42   578390.906  578513.909  577693.482\n",
      "  577552.555  576618.172  576701.481  575915.735  575568.366  575115.115\n",
      "  574440.496  574340.499  574282.911  574305.032  573913.693  573815.159\n",
      "  574099.826  573762.589  573543.528  573644.251  573577.225  573557.455\n",
      "  573074.396  573596.203  573260.791  560437.474  560399.363]\n",
      "(29L,)\n"
     ]
    },
    {
     "data": {
      "image/png": "iVBORw0KGgoAAAANSUhEUgAAAesAAAHBCAYAAABJxJPxAAAABHNCSVQICAgIfAhkiAAAAAlwSFlz\nAAALEgAACxIB0t1+/AAAIABJREFUeJzt3Xu8VVW9///XG/GeAmZiApqpeDclQ7pYO+2ItyOmRtI5\niWhFCWk3E/r+jtI9Ki/x9aBpqFAkWYqaoqDZJvt6Q0XRQMRMBBRMwQsIuIHP748xtyy3+7L2Ze01\n91rv5+OxH3utMeeYc6zpkvcec445piICMzMzy69u5W6AmZmZNc9hbWZmlnMOazMzs5xzWJuZmeWc\nw9rMzCznHNZmZmY557A2MzPLOYe1mbWLpOckvSnpdUmvSPqzpD7Zsmsl/aBg3S0ljZP0tKQ3JD0r\n6TeSdi/fJzDLP4e1mbVXACdExI7A+4GXgP/bxLo3AicCpwM9gA8BDwNHd0I7zbqs7uVugJlVBAFE\nxFuS/gRc+q4VpM+QQnmfiHghK34DuLLTWmnWRblnbWYdRtJ2wOeB+xtZfDTwUEFQm1mR3LM2s45w\ns6QNwHtIp8EHN7LOe4EXO7VVZhXCPWsz6whDImInYGvg68DfJO3SYJ1XSNe0zayVHNZm1hHqr1lH\nREwHNgKfaLDO3cBASbt1duPMujqHtZl1KElDgJ7AgsLyiPgLcBcwXdIASVtIeo+kkZLOLENTzboM\nX7M2s47wZ0kbSbdxLQbOiIgFkhqudxrwf4A/ALsCL5MC/AcNVzSzzUres5Z0rKSnskkQLmhinQmS\nFkl6TNKhLdWV1EvSLEkLJc2U1KNg2dhsWwskHVNQPkDSvGxblxWUHynpEUl1kk4pKK+RNFfSo9nv\ntZJOypYdldWZl0364DMUVrUiYs+I2D4idoyIHhFxSERMy5aNiIgLC9bdEBHfj4h9ImKHrO5XImJp\n+T6BWf6VNGSyELucNDL0QGCYpP0arHMcsFdE7AOMJLvnsoW6Y4C7I2Jf4B5gbFbnAGAosD9wHDBR\nm/+0vwI4OyL6A/0l1Y9WXQwMB6YWtisiaiPisIgYABwFrAFmZtu7DhgaEYdk9c9sz3EyMzNrTql7\nhAOBRRGxOCLqgGnAkAbrDAGmAETEg0APSb1bqDsEmJy9ngycnL0+CZiW/fX+HLCINKBlV2CHiJiT\nrTelvk5EPB8RT5JO3zXlNOCOiFhPuv1kfUT8M1t2N3Bq0UfEzMyslUod1n2AJQXvl2ZlxazTXN3e\nEbECICKWA/W3iDSss6xgW4Wn2RprR3NOB67P9vcy0F3SgGzZaUDfVmzLzMysVfJ4rfVdI1KK0Fyv\nuF2yXvlBwMyC4tOByyQ9ALxOuk3FzMysJEo9GnwZUPg0nb5ZWcN1+jWyzlbN1F0uqXdErMjC9KUW\nttVUeTGGAtMj4u1Azk7XfxJA0n8A/RurKKlkf0SYmVnXFBGt7pSWumc9B9hb0h6StiL1SG9tsM6t\nwBkAkgYBr2anuJureyubB3UNB24pKD9d0laS9gT2Js1FvBx4TdLAbIDYGQV1CjV2AIeRnQJ/eyXp\nfdnvrYELaOZBBBFR1T8XXXRR2dtQ7h8fAx8DHwMfg/qftippzzoiNkoaDcwi/WEwKdK9lyPT4rgq\nImZIOl7SM6QR1yOaq5ttejxwg6SzSKOxh2Z15ku6AZgP1AHnxOajM4o0insbYEZE3Akg6XBgOmkS\nhxMljYuIg7NlewB9I2J2g492vqQTSeE+MSJqO+ygmZmZNVDySVGyUNy3QdmvG7wfXWzdrHwl8Jkm\n6vwU+Gkj5Y8ABzdS/jDvPEVeuGxxY8si4rvAdxurY2Zm1tHyOMDMKkhNTU25m1B2PgY+BuBjAD4G\n7aH2nEO35kkKH18zM6snicjhADMzMzNrJ4e1mZlZzjmszczMcs5hbWZmlnMOazMzs5xzWJuZmeWc\nw9rMzCznHNZmZmY557A2MzPLOYe1mZlZzjmszczMcs5hbWZmlnMOazMzs5xzWJuZmeWcw9rMzCzn\nHNZmZmY557A2MzPLOYe1mZlZzjmszczMcs5hbWZmlnPdy90AMzOzriAC1q+H1avTz1tvQf/+nbNv\nh7WZmVW19evhe9+DV15JIbxmzTt/F77u3h3e8570s/vucO+9ndNGRUTn7KkKSQofXzOzfHvqKfj0\np+EnP4Htt98cxg1fb789bLll+/YliYhQa+u5Z21mZlVt1SrYYw8YMaLcLWmaB5iZmVlVW7UKevUq\ndyua57A2M7OqtnKlw9rMzCzX3LM2MzPLOYe1mZlZzjmszczMcs5hbWZmlnMOazMzs5xbtQp22qnc\nrWiew9rMzKqae9ZmZmY557A2MzPLOU+KYmZmlmPr10NdXXpIR545rM3MrGrVnwJXq5+D1bkc1mZm\nVrW6wvVq6ISwlnSspKckPS3pgibWmSBpkaTHJB3aUl1JvSTNkrRQ0kxJPQqWjc22tUDSMQXlAyTN\ny7Z1WUH5kZIekVQn6ZSC8hpJcyU9mv1eK+mkbNnRWZ25kv4m6YMdd8TMzKyzOKwBSd2Ay4HBwIHA\nMEn7NVjnOGCviNgHGAlcWUTdMcDdEbEvcA8wNqtzADAU2B84DpgovX1y4wrg7IjoD/SXNDgrXwwM\nB6YWtisiaiPisIgYABwFrAFmZosnAsMi4jDgeuD/a/tRMjOzcnFYJwOBRRGxOCLqgGnAkAbrDAGm\nAETEg0APSb1bqDsEmJy9ngycnL0+CZgWERsi4jlgETBQ0q7ADhExJ1tvSn2diHg+Ip4EopnPcRpw\nR0Ssz95vAup78z2AF4o6GmZmlitdJay7l3j7fYAlBe+XkkK4pXX6tFC3d0SsAIiI5ZJ2KdjW/QV1\nlmVlG7L6DfdRrNOBiwvefxm4Q9KbwOvAoFZsy8zMcqIrzF4G+Rxg1pYxec31itsl65UfxOZT4ADf\nBI6NiN2Ba4FLS7V/MzMrHfesk2XA7gXv+2ZlDdfp18g6WzVTd7mk3hGxIgvTl1rYVlPlxRgKTI+I\njQCSdgY+FBEPZ8tvAO5oqvK4cePefl1TU0NNTU2RuzUzs1JbtQr69Wt5vbaqra2ltra23dtRRMk6\npUjaAlgIHA28CDxEGpi1oGCd44FREXGCpEHAZRExqLm6ksYDKyNifDZKvFdEjMkGmE0FjiCd5r4L\n2CciQtIDwLnAHOB2YEJE3FnQjmuB2yLixgaf4X5gTETMLvhMLwIfi4hnJJ1N6mV/rpHPH6U8vmZm\n1j7Dh0NNDYwY0Tn7k0REtPoMckl71hGxUdJoYBbplPukLGxHpsVxVUTMkHS8pGdII65HNFc32/R4\n4AZJZ5FGcw/N6syXdAMwH6gDzilIy1HAdcA2wIz6oJZ0ODAd6AmcKGlcRBycLdsD6Fsf1AXt+jJw\nk6SNwCrgrI4+dmZmVnpd5TR4SXvW1c49azOzfDvySPjRj+BTn+qc/bW1Z53HAWZmZmadoqv0rB3W\nZmZWtRzWZmZmOeewNjMzy7H162HDhvw/HhMc1mZmVqW6yuMxwWFtZmZVqqucAgeHtZmZVamVKx3W\nZmZmueaetZmZWc45rM3MzHLOYW1mZpZzDmszM7Occ1ibmZnl3KpVsNNO5W5FcRzWZmZWldyzNjMz\nyzmHtZmZWc45rM3MzHLOM5iZmZnlnHvWZmZmObZuHWzcCNttV+6WFMdhbWZmVacrPR4THNZmZlaF\nutIpcHBYm5lZFXJYm5mZ5VxXmr0MHNZmZlaF3LM2MzPLOYe1mZlZznWlCVHAYW1mZlXIPWszM7Oc\nc1ibmZnlnMPazMws5xzWZmZmOeewNjMzyzlPimJmZpZz7lmbmZnl2Lp1sGkTbLttuVtSPIe1mZlV\nla72eExwWJuZWZXparOXgcPazMyqTFe7Xg0OazMzqzIOazMzs5xzWJuZmeWcw7oRko6V9JSkpyVd\n0MQ6EyQtkvSYpENbqiupl6RZkhZKmimpR8Gysdm2Fkg6pqB8gKR52bYuKyg/UtIjkuoknVJQXiNp\nrqRHs99rJZ2ULftbQfkySTd13BEzM7NSclg3IKkbcDkwGDgQGCZpvwbrHAfsFRH7ACOBK4uoOwa4\nOyL2Be4BxmZ1DgCGAvsDxwETpbcH518BnB0R/YH+kgZn5YuB4cDUwnZFRG1EHBYRA4CjgDXArGzZ\nJyNiQEQcBtwPOKzNzLqIrjZ7GZS+Zz0QWBQRiyOiDpgGDGmwzhBgCkBEPAj0kNS7hbpDgMnZ68nA\nydnrk4BpEbEhIp4DFgEDJe0K7BARc7L1ptTXiYjnI+JJIJr5HKcBd0TEusJCSTuSgvzmoo6GmZmV\nnXvW79YHWFLwfmlWVsw6zdXtHRErACJiObBLE9taVrCtpS20ozmnA9c3Uj6E1MNf3YptmZlZGTms\nO0Zb5pRprlfcLlmv/CBgZiOLh9F4iJuZWU51xUlRupd4+8uA3Qve983KGq7Tr5F1tmqm7nJJvSNi\nRRamL7WwrabKizEUmB4RGwsLJb0X+AibT8E3aty4cW+/rqmpoaampsjdmplZKXRmz7q2tpba2tp2\nb0cRJeuUImkLYCFwNPAi8BAwLCIWFKxzPDAqIk6QNAi4LCIGNVdX0nhgZUSMz0aJ94qIMdkAs6nA\nEaTT3HcB+0RESHoAOBeYA9wOTIiIOwvacS1wW0Tc2OAz3A+MiYjZDcq/ChwRESOa+fxRyuNrZmat\n9/73w8MPQ5/WXAztIJKIiFafQS5pzzoiNkoaTRpF3Q2YlIXtyLQ4roqIGZKOl/QMacT1iObqZpse\nD9wg6SzSaO6hWZ35km4A5gN1wDkFaTkKuA7YBphRH9SSDgemAz2BEyWNi4iDs2V7AH0bBnVmKPCz\nDjpUZmbWSbriNeuS9qyrnXvWZmb5snYt9OyZHpNZjqdutbVnnccBZmZmZiXRFR+PCQ5rMzOrIl1x\nQhRwWJuZWRXpiterwWFtZmZVxGFtZmaWcw5rMzOznOuKs5eBw9rMzKqIe9ZmZmY557A2MzPLOYe1\nmZlZzjmszczMcs6TopiZmeWce9ZmZmY557A2MzPLsQiHtZmZWa6tXZt+b7ttedvRFg5rMzOrCl21\nVw0OazMzqxIOazMzs5xzWJuZmeWcw9rMzCznHNZmZmY511VnLwOHtZmZVQn3rM3MzHLOYW1mZpZz\nDmszM7OcW7nSYW1mZpZr7lmbmZnlnMPazMws5xzWZmZmOdaVH48JDmszM6sCa9dCt25d8/GY4LA2\nM7Mq0JV71eCwNjOzKuCwNjMzyzmHtZmZWc515QlRwGFtZmZVwD1rMzOznHNYm5mZ5ZzD2szMLOcc\n1mZmZjnnsDYzM8u5Vatgp53K3Yq2K3lYSzpW0lOSnpZ0QRPrTJC0SNJjkg5tqa6kXpJmSVooaaak\nHgXLxmbbWiDpmILyAZLmZdu6rKD8SEmPSKqTdEpBeY2kuZIezX6vlXRSwfIfZ/v/h6TRHXO0zMys\nFNyzboakbsDlwGDgQGCYpP0arHMcsFdE7AOMBK4sou4Y4O6I2Be4Bxib1TkAGArsDxwHTJSkrM4V\nwNkR0R/oL2lwVr4YGA5MLWxXRNRGxGERMQA4ClgDzMr2cybQJyL2jYgDgWntOlBmZlZSDuvmDQQW\nRcTiiKgjhdqQBusMAaYARMSDQA9JvVuoOwSYnL2eDJycvT4JmBYRGyLiOWARMFDSrsAOETEnW29K\nfZ2IeD4ingSimc9xGnBHRKzL3n8N+EH9woh4uaijYWZmZeGwbl4fYEnB+6VZWTHrNFe3d0SsAIiI\n5cAuTWxrWcG2lrbQjuacDlxf8H4v4HRJcyTdLmnvVmzLzMw6UYRnMCsFtbzKuzTXK26XrFd+EDCz\noHhr4M2I+AjwG+CaUu3fzMza5803YYstYJttyt2Stute4u0vA3YveN83K2u4Tr9G1tmqmbrLJfWO\niBVZmL7UwraaKi/GUGB6RGwsKFsCTAeIiOmSrm2q8rhx495+XVNTQ01NTZG7NTOzjlDOU+C1tbXU\n1ta2ezuKKFmnFElbAAuBo4EXgYeAYRGxoGCd44FREXGCpEHAZRExqLm6ksYDKyNifDZKvFdEjMkG\nmE0FjiCd5r4L2CciQtIDwLnAHOB2YEJE3FnQjmuB2yLixgaf4X5gTETMLij7Cel6+rWSaoDxEXFE\nI58/Snl8zcysZU88AaefDv/4R7lbApKIiFafQS5pzzoiNma3Nc0inXKflIXtyLQ4roqIGZKOl/QM\nacT1iObqZpseD9wg6SzSaO6hWZ35km4A5gN1wDkFaTkKuA7YBphRH9SSDif1knsCJ0oaFxEHZ8v2\nAPoWBnXB/qdK+ibwBvClDjtoZmbWobr64DIocc+62rlnbWZWfrfcApMmwa23lrslbe9Z53GAmZmZ\nWYephJ61w9rMzCqaw9rMzCznHNZmZmY519UnRAGHtZmZVTj3rM3MzHLOYW1mZpZzDmszM7Occ1ib\nmZnlnMPazMwsxyIc1mZmZrn25pvQvXvXfjwmOKzNzKyCVUKvGhzWZmZWwRzWZmZmOVcJs5eBw9rM\nzCqYe9ZmZmY557A2MzPLOYe1mZlZzjmszczMcm7VKthpp3K3ov0c1mZmVrHcszYzM8s5h7WZmVnO\nOazNzMxyzpOimJmZ5Vyl9KwVEeVuQ8WSFD6+ZmblEQFbbQWrV8PWW5e7NYkkIkKtreeetZmZVaQ1\na2DLLfMT1O3hsDYzs4pUKafAwWFtZmYVqlImRAGHtZmZVSj3rM3MzHLOYW1mZpZzDmszM7Occ1ib\nmZnlXKXMXgatCGtJn5A0Inv9Pkl7lq5ZZmZm7VN1PWtJFwEXAGOzoi2B35WqUWZmZu1VdWENfBY4\nCVgDEBEvADuUqlFmZmbtVY1h/VY2yXUASNq+dE0yMzNrv2oM6xsk/RroKenLwN3A1aVrlpmZWftU\n0gxmRT91S9J/AMcAAmZGxF2lbFgl8FO3zMzKZ5dd4IknoHfvcrdks7Y+davFsJa0BXB3RHy6rY2r\nVg5rM7PyiEhP21q9Oj0mMy9K9ojMiNgIbJLUo40NO1bSU5KelnRBE+tMkLRI0mOSDm2prqRekmZJ\nWihpZmHbJI3NtrVA0jEF5QMkzcu2dVlB+ZGSHpFUJ+mUgvIaSXMlPZr9XivppGzZtZKeLVh+SFuO\njZmZlUb94zHzFNTtUew169XAE5ImZcE6QdKElipJ6gZcDgwGDgSGSdqvwTrHAXtFxD7ASODKIuqO\nIfX29wXuIbulTNIBwFBgf+A4YKKk+r9grgDOjoj+QH9Jg7PyxcBwYGphuyKiNiIOi4gBwFGkkfAz\nC1b5dv3yiJjX0rEwM7POU0kTogB0L3K9m7Kf1hoILIqIxQCSpgFDgKcK1hkCTAGIiAcl9ZDUG9iz\nmbpDgE9l9ScDtaQAPwmYFhEbgOckLQIGSloM7BARc7I6U4CTSdfen8+239z56tOAOyJifUGZZ38z\nM8upShoJDkWGdURMlrQV0D8rWhgRdUVU7QMsKXi/lBTgLa3Tp4W6vSNiRda25ZJ2KdjW/QV1lmVl\nG7L6DfdRrNOBixuU/UTS/wB/AcYUeTzMzKwTVFpYFzuDWQ2wCPhfYCLwtKRPlqhNrb7wTnb/dylI\n2hU4iHeeAh+TnYL/CPBe0uxuZmaWE5UW1sWeBr8YOCYiFgJI6g9cD3y4hXrLgN0L3vfNyhqu06+R\ndbZqpu5ySb0jYkUWpi+1sK2myosxFJieDbQDoKBXXyfpWuDbTVUeN27c269ramqoqakpcrdmZtZW\neQnr2tpaamtr272dYsN6y/qgBoiIpyVtWUS9OcDekvYAXiSdTh7WYJ1bgVHAHyQNAl7NQvjlZure\nCpwJjCcNDruloHyqpEtJp7n3Bh6KiJD0mqSBWZvOABobINdYr34Y6Xr45pWkXbPT7yJd+36yqQNQ\nGNZmZtY58jIhSsNO2ve///02bafYsH5Y0m/Y/PCO/wIebqlSRGyUNBqYRTrlPikiFkgamRbHVREx\nQ9Lxkp4hjbge0VzdbNPjSbOqnUUazT00qzNf0g3AfKAOOKfgRudRwHXANsCMiLgTQNLhwHSgJ3Ci\npHERcXC2bA+gb0TMbvDRpkramRTujwFfLeYgmplZ58hLz7qjFDWDmaStSWH3iazoXmBig9HR1oAn\nRTEzK49Ro2D//WH06HK35J3aOilKsT3r7sCvIuKSbGdbAFu3dmdmZmadodJ61sXeK/wXYNuC99uS\nHuZhZmaWO9Ua1ttExOr6N9nr7UrTJDMzs/aptBnMig3rNZIG1L/JBmWtLU2TzMzM2qfSetbFXrM+\nD/ijpBey9+8HPl+aJpmZmbVPtYb1nsBhpElKTgGOoISzhpmZmbVVBLz6amWFdbGnwf8nIl4n3Yv8\nadKUo1eUrFVmZmZtVP8M60p5PCYUH9b1U22eAFwdEbeTpgM1MzPLlbzMXtaRig3rZZJ+TbpOPSOb\nJMWPiDQzs9yptOvVUHzgDiU9dWpwRLwK7AScX7JWmZmZtVElhnWxz7N+E7ip4P2LpIdrmJmZ5Uol\nhrVPZZuZWUWptAlRwGFtZmYVxj1rMzOznHNYm5mZ5ZzD2szMLOcc1mZmZjlXzZOimJmZdQnuWZuZ\nmeWcw9rMzKwNnn8epk2DurrS78thbWZm1gqvvQZjxsBhh8Fll6Xff/1r6fZXiY/HBIe1mZmVwFtv\nwYQJ0L8//PvfMG8e3H8//PCHMGIEnH46LF3a8ft94w3YemvYcsuO33Y5OazNzKzDRMCf/gQHHgh3\n3AF33w2TJkGfPiDBZz8L8+enED/0UBg/PgV7R3jttbSv9763Y7aXJw5rMzPrEPfdBx//OPzoRzBx\nYgrrgw9+93rbbQc/+AE8+CD8/e9pnVmz2rbPTZugthbOOAP22CNt73e/a9fHyCVFRLnbULEkhY+v\nmVW6Z55J16Ufeiid5v7v/4Yttii+/m23wTe+AYccApdcAh/4QMt1liyByZPh2mtT+J99NvzXf8H7\n3tfmj9EpJBERam0996zNzKxNXn4Zzj0XBg2CD38YFi6E4cNbF9QAJ54ITz4JAwbA4YenwF+37t3r\nrVsHf/gDDB6cTqG/8EJ6P29eCvu8B3V7uGddQu5Zm1lb/Pvf8Le/wbPPwm67we67Q79+6bpvKQZO\nRaRbqurq0vXj+p/m3j/8MFx8MQwbBhde2HFBuXgxfPOb8PjjafT4f/4nzJ0L11wD11+fQvqss9K1\n72237Zh9dqa29qwd1iXksDazYtSHc21t+nn+efjEJ2DffVPvccmSVLZiRQrFfv02B3jD1716pec5\nv/JK6vk2/N1Y2euvp97wVltt/tlyy+bf9+kD3/teGihWCjNnpl772rVpYNqIEXDmmcWdIs8zh3UO\nOazNrDENw3nJkhTOn/oU1NSke5G7d393vQ0b4MUXU3AvWbI5xAt/v/pqGg393vfCzjsX97tnT+iW\nw4uib72VTnEPGJDP9rWFwzqHHNZmBune35kzN4fz0qUpnGtq0s+hhzYezlZ5HNY55LA2y5/XXkth\nWd8z3XLLNMBp5507dj8R6Taia66Bm29Og7COPtrhXO0c1jnksDbrXKtXbw7hwkAufL1x4+bru/36\npV7vrFlpNPOpp6aBS7vt1vY2vPhiuqXommvSdeCzz4YvfhF69+64z2ldl8M6hxzWZqW3cWO6T/eS\nS9J9vv36Qd++7wzkwvc9e6YBS4XWrk2nqW+8EW6/HfbfPwX3qaemiTZa8tZbqd4116Te9GmnpZA+\n4oh378uqm8M6hxzWZqWzZg1cd126vadXL/j2t+GUU9p/a9Nbb8Ff/pKC+5ZbUljXB3fDkc/z56eA\n/u1vYb/90i1Fp50G22/fvjZY5XJY55DD2qzjLVsGl18OV1+dRk9/61vwsY+Vpge7YUMatX3jjTB9\neho5feqpsOuu6VT388+nSUBGjIB99un4/VvlcVjnkMParOM8+ihcemk63fzFL6Z7cPfaq/P2v2kT\nPPBACu4XXkhTag4e7IFi1joO6xxyWJu1z6ZNm69H//OfKaC//OV03dmsK2prWPtvQjNrl4g0QGvV\nqjQhx6pV7369fv3mma+23rrx3w3L5s5N16N33DFdjz7ttMp7RrFZsdyzLiH3rK0re+ONzbc7Fc6W\ntWLFuwNZSoO8evVKvd761/Xvt9nmnXNMr1/f8u++feG889LkIR5RbZUit6fBJR0LXEZ6wtekiBjf\nyDoTgOOANcCZEfFYc3Ul9QL+AOwBPAcMjYjXsmVjgbOADcB5ETErKx8AXAdsA8yIiG9k5Udm+zgE\n+HxE3JSV1wCXAgEI2C9bfmuDdo+IiB2a+OwOa8utN99MzxNuLJCXLEmhWXj7U/3P+9//7mDuig9U\nMCuHXIa1pG7A08DRwAvAHOD0iHiqYJ3jgNERcYKkI4BfRcSg5upKGg+8EhE/l3QB0Csixkg6AJgK\nfAToC9wN7BMRIenBbD9zJM3I9jNT0u7AjsB3gFvrw7rB5+gFLAL6RsS6rOzDwHnAyRGxYxOf32Ft\nuTR/fhrV3KMH7L1346G8007u0Zp1tLxesx4ILIqIxQCSpgFDgKcK1hkCTAGIiAcl9ZDUG9izmbpD\ngE9l9ScDtcAY4CRgWkRsAJ6TtAgYKGkxsENEzMnqTAFOBmZGxPPZ9ptL1dOAOwqCuhvwC2BYth2z\nLmPq1PTs31/8Ij3FyMzyr9Rh3QdYUvB+KSnAW1qnTwt1e0fECoCIWC5pl4Jt3V9QZ1lWtiGr33Af\nxToduLjg/Wjg5ohYIbnvYV3DunXpOcF/+Uv6OeSQcrfIzIqVx9HgbQm/kp1rlrQrcBAwM3v/fuBz\nbO7Zm+Xec8+l0dQf+ADMmZNOf5tZ11HqsF4G7F7wvm9W1nCdfo2ss1UzdZdL6p31bHcFXmphW02V\nF2MoMD0iNmbvDwP2Ap7JetXbSXo6Ihp9BPu4cePefl1TU0NNTU2RuzXrGLfdluapHjs2ja72uSCz\nzlNbW0ttbW27t1PqAWZbAAtJg8ReBB4ChkXEgoJ1jgdGZQPMBgGXZQPMmqybDTBbGRHjmxhgdgTp\nNPddbB5g9gBwLmmg2u3AhIi4s6Ad1wK3RcSNDT7D/cCYiJjdxGd8w6PBLY82bIALL4Tf/Q6mTUtT\ncppZeeWqgrJkAAAaBElEQVRygFlEbJQ0GpjF5tuvFkgamRbHVRExQ9Lxkp4h3bo1orm62abHAzdI\nOgtYTOr9EhHzJd0AzAfqgHMK0nIU77x1604ASYcD04GewImSxkXEwdmyPUgjwBsN6vqP2d7jZNbR\nli+HYcPSJCKPPALve1+5W2Rm7eFJUUrIPWsrh7/9LQX1l78M//M/6ZnKZpYPuexZm1nniUi3Y11y\nSXoi1ODB5W6RmXUUh7VZBVi5Mj2m8aWX0mjvfv1armNmXUe3cjfAzNru9dfhhz+E/v3TTGSzZzuo\nzSqRw9qsC1qzBsaPTwG9aFF6zvLFF6cnVplZ5fFpcLMuZN06uPLKFNSf/GTqSe+/f7lbZWal5rA2\n6wLeegsmTYIf/xgOPxzuvBM+9KFyt8rMOovD2izHNmyAKVPgBz9IPejp0+EjHyl3q8ysszmszXJo\n48Y069i4cWnA2NSp8PGPl7tVZlYuDmuzHHnzTfjjH+HnP4eePeHXv4ajjip3q8ys3BzWZjkwdy5c\nfXXqTX/0o2lk9+DBfuiGmSUOa7Myee01uP76FNIvv5yejPX4475P2szezXODl5DnBreGIuD++1NA\n33wzfOYz8KUvpd+ew9us8rV1bnCHdQk5rK3eyy/Db38Lv/lNGuH9pS/B8OGwyy7lbpmZdSY/yMMs\nh558En70o3Rf9EknwRVXwJFH+lq0mbWOpxs1K5G77kojuY84Av71r3S/9Cc/6aA2s9Zzz9qsBH77\nW/jOd+Cmm+ATnyh3a8ysq3NYm3WgCPjZz9L90bW1nrfbzDqGw9qsg2zcCF//Otx3X/rZbbdyt8jM\nKoXD2qwDvPkmfOEL6dGVf/sb7LhjuVtkZpXEA8zM2unll+Hoo2GHHeD22x3UZtbxHNZm7fDss+kB\nGzU1abT3VluVu0VmVokc1mZt9MgjaaT3eefBT3/qW7LMrHR8zdqsDe68E844A666Ck4+udytMbNK\n5561VaWNG+H119OtVq117bVw5plpbm8HtZl1BvesreqsWQPHHgsPP5xOXe+6a8s/vXun69E/+lEK\n69mzYd99y/1JzKxaOKytqqxbB5/9LOy9dwrcN9+EFStg+fJ3/syZk36/+GL6/dJLsO22qd5996UA\nNzPrLH7qVgn5qVv5UlcHp52WesjXXw/dW/Gn6qZNsHIl9OgBW25ZujaaWWXzIzJzyGGdHxs3whe/\nCK+9BtOn+xYrMysPPyLTrAkR8NWvptPZt9/uoDazrsdhbRUtAr71LXjiifTIym23LXeLzMxaz2Ft\nFe2ii+Cvf00/O+xQ7taYmbWNw9oq1i9+AX/8Yxr13atXuVtjZtZ2DmurSBMnwhVXpCdg7bJLuVtj\nZtY+DmurOFOmpLm6Z8+Gvn3L3Rozs/ZzWFtFufFGuOACuOce+OAHy90aM7OO4bC2inHHHXDOOekh\nG/vvX+7WmJl1HIe1VYTZs2H4cLjlFjjssHK3xsysYzmsrctatw4WLYJHH4Xzz4dp0+CjHy13q8zM\nOp7D2nJv5Up46ilYsOCdv5cuTdel99sPfv97OOqocrfUzKw0PDd4CXlu8NZ75pk0JeiCBZtDee3a\nFMj7759+6l9/8IN+qIaZdS1tnRu8WykaU0jSsZKekvS0pAuaWGeCpEWSHpN0aEt1JfWSNEvSQkkz\nJfUoWDY229YCSccUlA+QNC/b1mUF5UdKekRSnaRTCsprJM2V9Gj2e62kk7Jlv8na+pikGyRt13FH\nrHr9/e/w8Y+nkD7oILjwwnSK+7XX4KGHYPJkGDMGTj45PUvaQW1m1aKkPWtJ3YCngaOBF4A5wOkR\n8VTBOscBoyPiBElHAL+KiEHN1ZU0HnglIn6ehXiviBgj6QBgKvARoC9wN7BPRISkB7P9zJE0I9vP\nTEm7AzsC3wFujYibGvkcvYBFQN+IWCfpPRGxOlt2MbAiIn7eSD33rIt0++1w5pkwdSocc0yLq5uZ\ndUl57VkPBBZFxOKIqAOmAUMarDMEmAIQEQ8CPST1bqHuEGBy9noycHL2+iRgWkRsiIjnSAE7UNKu\nwA4RMSdbb0p9nYh4PiKeBJpL1dOAOyJiXVanPqgFbNtCXWvB734HZ58Nf/6zg9rMrDGlDus+wJKC\n90uzsmLWaa5u74hYARARy4H6CSUb1llWsK2lLbSjOacD1xcWSLoGeBHYF/i/rdiWFZgwAb73vTSJ\nyaBB5W6NmVk+lfyadRu0+vQAJezZZr3yg4CZ79hhxFnA+4EFpDC3VohI16T/93/h3nvhgAPK3SIz\ns/wq9a1by4DdC973zcoartOvkXW2aqbuckm9I2JFFqYvtbCtpsqLMRSYHhEbGy7IroX/ATgfuK6x\nyuPGjXv7dU1NDTU1NUXutnJt3AijR6dBY/fe6wdtmFnlqq2tpba2tt3bKfUAsy2AhaRBYi8CDwHD\nImJBwTrHA6OyAWaDgMuyAWZN1s0GmK2MiPFNDDA7gnSa+y42DzB7ADiXNFDtdmBCRNxZ0I5rgdsi\n4sYGn+F+YExEzC4o2ysi/plds/45Kbe/28jn9wCzBt56C774RXjppTTb2I47lrtFZmadp60DzEra\ns46IjZJGA7NIp9wnZWE7Mi2OqyJihqTjJT0DrAFGNFc32/R44AZJZwGLSb1fImK+pBuA+UAdcE5B\nWo4i9X63AWbUB7Wkw4HpQE/gREnjIuLgbNkepBHghUEtYLKkHUin7B8HvtbBh64irV4Np54K22+f\n5vHeZptyt8jMrGvwpCgl5J71Zq+8AieckO6fvvJK6O6588ysCuX11i2rEOvXp8Bty98eS5fCkUdC\nTQ1cfbWD2systfzPprUoAo49Ng0I23JL2Htv2Guv9FP4erfdoFuDP/+efjrdOz16NHznO+Vpv5lZ\nV+ewthbdfHPqVb/+OqxaBf/85+af2bPhmmvS69degz333BziffrAL38JP/kJjBhR7k9hZtZ1+Zp1\nCVXCNeu33kr3QE+c2PLsYqtXw7PPbg7yZ59N16lPOKFz2mpmlndtvWbtsC6hSgjrSy+Fu+6CGTPK\n3RIzs67PYZ1DXT2sV65Mj6OsrfUMY2ZmHcFhnUNdPay/8Y10GnzixHK3xMysMjisc6grh/XTT8PH\nPgbz53s6UDOzjuL7rK1Dffe76cdBbWZWfr51y96lthYefxymTSt3S8zMDNyztgY2bYJvfQt+9jPP\n3W1mlhcOa3uH3/4Wtt4ahg4td0vMzKyeB5iVUFcbYLZmDey7L/zpTzBoULlbY2ZWeTzAzNrtl79M\nD9xwUJuZ5Yt71iXUlXrWL7wAhxwCDz8MH/hAuVtjZlaZfJ91DnWlsD7rrHSb1s9+Vu6WmJlVrraG\ntW/dMubOTXN/L1xY7paYmVljfM26ykXAt78N48ZBjx7lbo2ZmTXGYV3lbrsNVqyAL32p3C0xM7Om\n+DR4Faurg+98B371K+jub4KZWW65Z13FrrwS9twTjj223C0xM7PmeDR4CeV5NPiqVWkClHvugYMO\nKndrzMyqg2/dyqE8h/W3vw2rV8Ovf13ulpiZVQ+HdQ7lNaz/+U844gj4xz+gd+9yt8bMrHp4ulEr\n2vnnpydrOajNzLoGjwGuMjNnwrx58Pvfl7slZmZWLPesq8hbb8G556ZbtfysajOzrsNhXUUuuwz6\n94cTTih3S8zMrDU8wKyE8jTAbOlSOPRQePBB2GuvcrfGzKw6eYCZNev88+FrX3NQm5l1Re5Zl1Be\neta1tTB8OCxYANttV+7WmJlVL/esrVF1dfD1r8Ollzqozcy6Kod1hZs4Ed7/fvjsZ8vdEjMzayuf\nBi+hcp8GX74cDj4Y7r0X9tuvbM0wM7OMpxvNoXKH9Zlnwi67wM9/XrYmmJlZgbaGtWcwq1D33Qd3\n350GlZmZWdfma9YVaONGGD069ah32KHcrTEzs/ZyWFegq69OIT1sWLlbYmZmHcHXrEuoHNesX3kF\nDjgA7roLDjmkU3dtZmYt8ACzHCpHWI8cmR7S8atfdepuzcysCLmdFEXSsZKekvS0pAuaWGeCpEWS\nHpN0aEt1JfWSNEvSQkkzJfUoWDY229YCSccUlA+QNC/b1mUF5UdKekRSnaRTCsprJM2V9Gj2e62k\nk7Jlv8vaNU/SbyRt0XFHrO0efhhuvRW+//1yt8TMzDpSScNaUjfgcmAwcCAwTNJ+DdY5DtgrIvYB\nRgJXFlF3DHB3ROwL3AOMzeocAAwF9geOAyZKqv8L5grg7IjoD/SXNDgrXwwMB6YWtisiaiPisIgY\nABwFrAFmZYt/FxH7RcQhwHbAl9pxmDrEpk1pUNlPfgI9e5a7NWZm1pFK3bMeCCyKiMURUQdMA4Y0\nWGcIMAUgIh4Eekjq3ULdIcDk7PVk4OTs9UnAtIjYEBHPAYuAgZJ2BXaIiDnZelPq60TE8xHxJNDc\n+erTgDsiYl1W586CZQ8BfYs6GiU0OTsaw4eXtx1mZtbxSh3WfYAlBe+XZmXFrNNc3d4RsQIgIpYD\nuzSxrWUF21raQjuaczpwfcNCSd2BLwJ3vqtGJ3r1VRg7Fi6/HLp5fL+ZWcXJ4z/trb7wTvO94nbJ\neuUHATMbWTwRmB0R/69U+y/GhRfCkCFw+OHlbIWZmZVKqWcwWwbsXvC+b1bWcJ1+jayzVTN1l0vq\nHRErsjB9qYVtNVVejKHA9IjYWFgo6UJg54j4SnOVx40b9/brmpoaampqitxtcebNg2nTPFOZmVke\n1dbWUltb2+7tlPTWrWyU9ELgaOBF0vXdYRGxoGCd44FREXGCpEHAZRExqLm6ksYDKyNifDZKvFdE\njMkGmE0FjiCd5r4L2CciQtIDwLnAHOB2YELhtWdJ1wK3RcSNDT7D/cCYiJhdUPYlYARwVESsb+bz\nl/TWrU2b4FOfgi98Ab72tZLtxszMOkhu77OWdCzwK9Ip90kR8TNJI4GIiKuydS4HjiWNuB4REY82\nVTcr3wm4gdRbXgwMjYhXs2VjgbOBOuC8iJiVlX8YuA7YBpgREedl5YcD04GewDpgeUQcnC3bA/h7\nRBT2ypFUBzwHrCadgr8pIn7UyGcvaVhPmgRXXZXmAd8iFzePmZlZc3Ib1tWslGH973/DQQfBzJlw\n6KEtr29mZuXnsM6hUob18OGw885w8cUl2byZmZWAH5FZRf76V6ithX/8o9wtMTOzzpDHW7esGevX\nw1e/ChMmwHveU+7WmJlZZ3BYdzHjx8P++6f7qs3MrDr4mnUJdfQ160WL4KMfhUcfhd13b3l9MzPL\nl9w+dcs6RkS6l3rsWAe1mVm1cVh3Eb//Pbz8Mpx3XrlbYmZmnc2nwUuoo06Dr1oFBxwAN98MRxzR\nAQ0zM7Oy8H3WOdRRYT1yZJqhbOLEDmiUmZmVje+zrlD33Qd//jPMn1/ulpiZWbn4mnWO1dWlXvUl\nl0DPnuVujZmZlYvDOscuvRR22w0+//lyt8TMzMrJ16xLqD3XrJ97Dg4/HB58EPbaq2PbZWZm5eH7\nrCtIBIweDd/8poPazMw8wCyXbroJnn02/TYzM/Np8BJqy2nw119P91T//vfwyU+WqGFmZlYWvs86\nh9oS1uedB2+8AddcU6JGmZlZ2fg+6wrwyCMwbZqfU21mZu/kAWY5cvXV6RGYO+9c7paYmVme+DR4\nCbX2NPimTSClHzMzqzw+DV4Buvk8h5mZNcLxYGZmlnMOazMzs5xzWJuZmeWcw9rMzCznHNZmZmY5\n57A2MzPLOYe1mZlZzjmszczMcs5hbWZmlnMOazMzs5xzWJuZmeWcw9rMzCznHNZmZmY557A2MzPL\nOYe1mZlZzjmszczMcs5hbWZmlnMOazMzs5xzWJuZmeVcycNa0rGSnpL0tKQLmlhngqRFkh6TdGhL\ndSX1kjRL0kJJMyX1KFg2NtvWAknHFJQPkDQv29ZlBeVHSnpEUp2kUwrKayTNlfRo9nutpJOyZaOy\nfWyUtFPHHS0zM7N3K2lYS+oGXA4MBg4Ehknar8E6xwF7RcQ+wEjgyiLqjgHujoh9gXuAsVmdA4Ch\nwP7AccBEScrqXAGcHRH9gf6SBmfli4HhwNTCdkVEbUQcFhEDgKOANcCsbPHfgaOzutaM2tracjeh\n7HwMfAzAxwB8DNqj1D3rgcCiiFgcEXXANGBIg3WGAFMAIuJBoIek3i3UHQJMzl5PBk7OXp8ETIuI\nDRHxHLAIGChpV2CHiJiTrTelvk5EPB8RTwLRzOc4DbgjItZldR6PiOcBNVPH8P+c4GMAPgbgYwA+\nBu1R6rDuAywpeL80Kytmnebq9o6IFQARsRzYpYltLSvY1tIW2tGc04HrW7G+mZlZh8njALO29Fab\n6xW3S9YrPwiYWap9mJmZNad7ibe/DNi94H3frKzhOv0aWWerZuoul9Q7IlZkYfpSC9tqqrwYQ4Hp\nEbGxkWUt/pGw+ZJ59fr+979f7iaUnY+BjwH4GICPQVuVOqznAHtL2gN4kXQ6eViDdW4FRgF/kDQI\neDUL4ZebqXsrcCYwnjQ47JaC8qmSLiWd5t4beCgiQtJrkgZmbToDmNBIextL1mGkAW2NURN1AIgI\nJ7WZmbVbSU+DZ73R0aRR1P8gDf5aIGmkpK9k68wA/iXpGeDXwDnN1c02PR74D0kLSaOyf5bVmQ/c\nAMwHZgDnRER973cUMAl4mjRw7U4ASYdLWkIaRHalpCfq25/9odA3ImYXfi5JX8/q9AEel3RVxxwx\nMzOzd9PmLDMzM7M8yuMAsy6vmIlgqoGk5yQ9nk0q81C529MZJE2StELSvIKyJifxqURNHIOLJC3N\nJhl6VNKx5WxjqUnqK+keSf+Q9ISkc7PyqvkuNHIMvp6VV813QdLWkh7M/g18QtJFWXmrvwfuWXew\nbDKXp0mn518gXSM/PSKeKmvDykDSs8CHI2JVudvSWSR9AlgNTImIQ7Ky8cArEfHz7I+3XhHR1DiI\nLq+JY3AR8EZEXFLWxnWSbODrrhHxmKT3AI+Q5ocYQZV8F5o5Bp+nur4L20XEm5K2AP4fcC5wKq38\nHrhn3fGKmQimWogq+45FxN+Bhn+cNDWJT0Vq4hhAFU0iFBHLI+Kx7PVqYAHpLpSq+S40cQzq57eo\npu/Cm9nLrUmDuoM2fA+q6h/STlLMRDDVIoC7JM2R9OVyN6aMdmliEp9qM1pp/v/fVPLp34YkfQA4\nFHiApid0qmgFx+DBrKhqvguSukmaCywH7spm0mz198BhbaX08Wxu9eOBUdnpUSvhJD45NhH4YEQc\nSvpHq1pOgb4H+BNwXta7bPjfvuK/C40cg6r6LkTEpog4jHRmZaCkA2nD98Bh3fGKmQimKkTEi9nv\nfwPTSZcIqtGKbL77+ut4L7WwfsWJiH8X3EZ5NfCRcranM0jqTgqp30ZE/VwQVfVdaOwYVON3ASAi\nXgdqgWNpw/fAYd3x3p4IRtJWpMlcbi1zmzqdpO2yv6iRtD1wDPBkeVvVaRpOllM/iQ+8cxKfSvaO\nY5D9g1TvFKrju3ANMD8iflVQVm3fhXcdg2r6Lkjauf40v6Rtgf8gXbtv9ffAo8FLILsV4VekP4Ym\nRcTPytykTidpT1JvOkiDKqZWw3GQ9HugBngvsAK4CLgZ+CNpytvFwNCIeLVcbSy1Jo7Bp0nXLDcB\nzwEj66/ZVSJJHwf+BjxB+n8ggO8BD5Embqr470Izx+ALVMl3QdLBpAFk3bKfP0TEjyXtRCu/Bw5r\nMzOznPNpcDMzs5xzWJuZmeWcw9rMzCznHNZmZmY557A2MzPLOYe1mZlZzjmszQxJf5U0oBP2c66k\n+ZJ+W8p2SfqQpONa30KzfOpe7gaYWdcmaYuI2Fjk6l8Djo6IF0rZJtKkG4cDdxRboZWfw6xTuWdt\n1kVkU9jOl3SVpCcl3Slp62zZ2z1QSe+V9K/s9XBJ07MH3T8raZSkb0p6VNJ9knoW7OIMSXMlzZP0\nkaz+dpImSXpA0iOS/rNgu7dI+gtwdyNt/ZakJ7JtnZuVXQF8ELhD0nkN1u8m6RdZncckjWpkm28U\nvD5V0rXZ689l9eZKqpW0JfADYGj2OT9X7OeQtKuk2Vm9edksXGZl5561WdeyN/D5iPiKpD+QHmL/\n+0bWK5ya8EBST3M74Bng/IgYIOkS4AxgQrbethFxmKQjSXM6Hwz8H+AvEXF2NsfxQ5Lqw/kw4OCI\neK1wx9kfDcNJD2jYAnhQ0uyI+JqkwUBNRDR83vVXgD2AQyIiGvwR0dhnKnz/P8AxEfGipB0jok7S\nhcCHI6L+D4UfF/M5JH0LuDMifipJ2TEzKzuHtVnX8q+IeCJ7/QjwgSLq/DUi3gTelPQqcFtW/gQp\nkOtdDxAR90raQdKOpAew/Kek87N1tmLzU+XuahjUmU8A0yNiHYCkm4Ajgcd590NO6n0GuKL+aUxN\nzJPcWD2AvwOTJd0A3NTEOsV+jjnApKx3fktEPN7E9sw6lU+Dm3Ut6wteb2TzH9wb2Pz/8zbN1ImC\n95t45x/sjfVcBZwaEYdlP3tGxMJs+Zo2tL89Ctv39meMiHNIZwD6AY9I6tVE/RY/R0TcC3yS9Fjb\n6yT9d4d+ArM2clibdS1N9S6fIw2oAvhcG7f9eQBJnwBei4g3gJnAuW/vXDq0iO3cC5wsaZvs8aif\nJT19qTl3ASMlbZHtp7HAXS5pX0ndsm3Wt+mDETEnIi4iPRe4H/AGsGNB3aI+h6TdgZciYhLwG6Dk\nI+TNiuGwNutamnpM3i+Br0l6BNipDfUDWCfpUWAicFZW/kNgy2yw1ZOkgVvNNzBiLnAd6ZTy/cBV\nETGvhf3/BlgCzJM0FxjWyPpjgdtJp70LR5P/ImvfPOC+bF9/BQ6oH2DWis9RAzyeHYehpEfdmpWd\nH5FpZmaWc+5Zm5mZ5ZzD2szMLOcc1mZmZjnnsDYzM8s5h7WZmVnOOazNzMxyzmFtZmaWcw5rMzOz\nnPv/Abzyl0NtDjqvAAAAAElFTkSuQmCC\n",
      "text/plain": [
       "<matplotlib.figure.Figure at 0x111e9c18>"
      ]
     },
     "metadata": {},
     "output_type": "display_data"
    }
   ],
   "source": [
    "import sklearn.mixture as mixture\n",
    "\n",
    "# Randomly Sample\n",
    "samples = 10000\n",
    "perm = np.random.permutation(xrange(1, len(syn_normalized[:])))\n",
    "syn_normalized_sample = syn_normalized[perm[:samples]]\n",
    "bics = []\n",
    "max_clusters = 30\n",
    "for i in range(1,15):\n",
    "    bic = np.array([])\n",
    "    i = np.array(range(1, max_clusters))\n",
    "    for idx in range(1, max_clusters):\n",
    "        gmm = mixture.GMM(n_components=idx, n_iter=1000, covariance_type='diag')\n",
    "        gmm.fit(syn_normalized_sample)\n",
    "        bic = np.append(bic, gmm.bic(syn_normalized_sample))\n",
    "    bics.append(bic)\n",
    "bic = np.asarray(bics)\n",
    "bic_mean = np.max(bic,0)\n",
    "\n",
    "plt.figure(figsize=(7,7))\n",
    "plt.plot(i, 1.0/bic_mean)\n",
    "plt.title('BIC')\n",
    "plt.ylabel('score')\n",
    "plt.xlabel('number of clusters')\n",
    "plt.show()\n"
   ]
  },
  {
   "cell_type": "markdown",
   "metadata": {},
   "source": [
    "#### 1.2) Compute mean, variance on each cluster"
   ]
  },
  {
   "cell_type": "code",
   "execution_count": 22,
   "metadata": {
    "collapsed": false
   },
   "outputs": [
    {
     "name": "stdout",
     "output_type": "stream",
     "text": [
      "# of samples in cluster 1: 539\n",
      "centroid:  [  804.137  2330.686   593.113   300.919]\n",
      "cluster covariance: \n",
      "[[  61444.011   -4290.923    4150.38      140.2  ]\n",
      " [  -4290.923  224828.643    3371.53   -20304.189]\n",
      " [   4150.38     3371.53   126038.907   -1555.449]\n",
      " [    140.2    -20304.189   -1555.449   12825.653]]\n",
      "determinant of covariance matrix:  1.90388745315e+19\n",
      "\n",
      "# of samples in cluster 2: 231\n",
      "centroid:  [  813.857  2309.052   635.948   308.497]\n",
      "cluster covariance: \n",
      "[[  70233.671   -4325.875    -556.586   -4593.031]\n",
      " [  -4325.875  219734.945    7009.02   -20188.211]\n",
      " [   -556.586    7009.02   131854.876    -178.544]\n",
      " [  -4593.031  -20188.211    -178.544    9450.843]]\n",
      "determinant of covariance matrix:  1.46886373427e+19\n",
      "\n",
      "# of samples in cluster 3: 681\n",
      "centroid:  [  837.313  2283.181   595.982   307.953]\n",
      "cluster covariance: \n",
      "[[  63711.533   -2573.876    3383.525    -415.553]\n",
      " [  -2573.876  208882.154   11802.162  -18720.722]\n",
      " [   3383.525   11802.162  119425.632   -3071.567]\n",
      " [   -415.553  -18720.722   -3071.567   10616.749]]\n",
      "determinant of covariance matrix:  1.40350123994e+19\n",
      "\n",
      "# of samples in cluster 4: 196\n",
      "centroid:  [  810.342  2320.321   649.643   292.054]\n",
      "cluster covariance: \n",
      "[[  58222.503  -10057.264   -2183.529     -73.228]\n",
      " [ -10057.264  206643.45   -17149.5    -20465.312]\n",
      " [  -2183.529  -17149.5    134772.785    1740.436]\n",
      " [    -73.228  -20465.312    1740.436   11275.392]]\n",
      "determinant of covariance matrix:  1.4664487815e+19\n",
      "\n",
      "# of samples in cluster 5: 251\n",
      "centroid:  [  828.211  2354.1     623.709   287.822]\n",
      "cluster covariance: \n",
      "[[  65191.199   -9963.677     342.526       7.917]\n",
      " [  -9963.677  216189.874   -3602.211  -21032.921]\n",
      " [    342.526   -3602.211  134701.615   -1660.024]\n",
      " [      7.917  -21032.921   -1660.024   11797.809]]\n",
      "determinant of covariance matrix:  1.82907299624e+19\n",
      "\n",
      "# of samples in cluster 6: 551\n",
      "centroid:  [  831.701  2368.348   624.303   292.922]\n",
      "cluster covariance: \n",
      "[[  61842.821   -1986.801    3270.113    -154.626]\n",
      " [  -1986.801  208828.417     194.201  -22846.195]\n",
      " [   3270.113     194.201  135393.255    1707.479]\n",
      " [   -154.626  -22846.195    1707.479   12199.992]]\n",
      "determinant of covariance matrix:  1.68915935011e+19\n",
      "\n",
      "# of samples in cluster 7: 354\n",
      "centroid:  [  794.703  2326.042   647.941   306.063]\n",
      "cluster covariance: \n",
      "[[  64548.583    5433.557    2125.631   -1465.057]\n",
      " [   5433.557  191473.417    3884.017  -16617.14 ]\n",
      " [   2125.631    3884.017  128014.186   -1044.509]\n",
      " [  -1465.057  -16617.14    -1044.509   10243.275]]\n",
      "determinant of covariance matrix:  1.38464493901e+19\n",
      "\n",
      "# of samples in cluster 8: 306\n",
      "centroid:  [  819.01   2356.108   598.392   296.469]\n",
      "cluster covariance: \n",
      "[[  63535.151    1861.396    1950.439   -2241.85 ]\n",
      " [   1861.396  231059.88    -7452.485  -28892.519]\n",
      " [   1950.439   -7452.485  123236.403    2107.628]\n",
      " [  -2241.85   -28892.519    2107.628   12061.907]]\n",
      "determinant of covariance matrix:  1.51072694279e+19\n",
      "\n",
      "# of samples in cluster 9: 355\n",
      "centroid:  [  825.915  2360.039   606.873   304.754]\n",
      "cluster covariance: \n",
      "[[  63056.688     430.69    -5675.375    1562.277]\n",
      " [    430.69   213274.942   -8864.512  -16385.79 ]\n",
      " [  -5675.375   -8864.512  124940.45     -381.813]\n",
      " [   1562.277  -16385.79     -381.813    9807.66 ]]\n",
      "determinant of covariance matrix:  1.41844063581e+19\n",
      "\n",
      "# of samples in cluster 10: 186\n",
      "centroid:  [  860.016  2314.855   608.21    302.917]\n",
      "cluster covariance: \n",
      "[[  67299.94    -6655.668    6193.829     665.899]\n",
      " [  -6655.668  220003.39    11787.939  -19287.247]\n",
      " [   6193.829   11787.939  121275.377   -1080.044]\n",
      " [    665.899  -19287.247   -1080.044   11104.986]]\n",
      "determinant of covariance matrix:  1.66768147123e+19\n",
      "\n",
      "# of samples in cluster 11: 285\n",
      "centroid:  [  817.337  2329.084   631.811   303.137]\n",
      "cluster covariance: \n",
      "[[  63255.372   -6414.715   -2977.404    2282.52 ]\n",
      " [  -6414.715  214917.901    3192.143  -21965.4  ]\n",
      " [  -2977.404    3192.143  107114.457    3308.23 ]\n",
      " [   2282.52   -21965.4      3308.23    11722.306]]\n",
      "determinant of covariance matrix:  1.34887919102e+19\n",
      "\n",
      "# of samples in cluster 12: 149\n",
      "centroid:  [  811.826  2352.376   632.349   305.007]\n",
      "cluster covariance: \n",
      "[[  67159.199  -12964.711  -11052.574   -1444.92 ]\n",
      " [ -12964.711  220967.669    3555.544  -17876.646]\n",
      " [ -11052.574    3555.544  120875.648   -1283.846]\n",
      " [  -1444.92   -17876.646   -1283.846    9526.766]]\n",
      "determinant of covariance matrix:  1.39213841163e+19\n",
      "\n",
      "# of samples in cluster 13: 559\n",
      "centroid:  [  831.791  2322.512   590.937   299.931]\n",
      "cluster covariance: \n",
      "[[  63802.488   -5525.312   -2709.771   -2073.704]\n",
      " [  -5525.312  213393.293   -3459.278  -20458.647]\n",
      " [  -2709.771   -3459.278  116840.03     -676.489]\n",
      " [  -2073.704  -20458.647    -676.489   11526.977]]\n",
      "determinant of covariance matrix:  1.49734209366e+19\n",
      "\n",
      "# of samples in cluster 14: 286\n",
      "centroid:  [  846.455  2315.227   594.087   306.559]\n",
      "cluster covariance: \n",
      "[[  61163.196    4465.556    8914.522    -724.032]\n",
      " [   4465.556  215209.931  -10697.16   -16367.741]\n",
      " [   8914.522  -10697.16   125420.101    -128.247]\n",
      " [   -724.032  -16367.741    -128.247   11672.512]]\n",
      "determinant of covariance matrix:  1.69145034983e+19\n",
      "\n",
      "# of samples in cluster 15: 466\n",
      "centroid:  [  829.129  2346.092   601.663   307.81 ]\n",
      "cluster covariance: \n",
      "[[  63757.338   -8835.909    8062.54     2473.536]\n",
      " [  -8835.909  203551.207    8684.79   -18754.553]\n",
      " [   8062.54     8684.79   117072.585      28.839]\n",
      " [   2473.536  -18754.553      28.839   10838.89 ]]\n",
      "determinant of covariance matrix:  1.3514225254e+19\n",
      "\n",
      "# of samples in cluster 16: 554\n",
      "centroid:  [  818.007  2332.596   619.617   306.318]\n",
      "cluster covariance: \n",
      "[[  61022.662   -5965.86    -2633.359    1517.827]\n",
      " [  -5965.86   207099.768    9574.183  -18183.448]\n",
      " [  -2633.359    9574.183  125657.293   -2377.587]\n",
      " [   1517.827  -18183.448   -2377.587   10766.317]]\n",
      "determinant of covariance matrix:  1.44052986082e+19\n",
      "\n",
      "# of samples in cluster 17: 470\n",
      "centroid:  [  817.753  2349.145   616.613   306.694]\n",
      "cluster covariance: \n",
      "[[  63244.178   -5162.361    -382.723    2551.815]\n",
      " [  -5162.361  201647.049   -4870.758  -22065.551]\n",
      " [   -382.723   -4870.758  123849.219    4632.278]\n",
      " [   2551.815  -22065.551    4632.278   12549.237]]\n",
      "determinant of covariance matrix:  1.56440388972e+19\n",
      "\n",
      "# of samples in cluster 18: 301\n",
      "centroid:  [  833.854  2375.226   625.488   298.085]\n",
      "cluster covariance: \n",
      "[[  57811.172    1671.18    -3889.388     486.944]\n",
      " [   1671.18   193430.842    2198.729  -18226.959]\n",
      " [  -3889.388    2198.729  122394.331   -2606.672]\n",
      " [    486.944  -18226.959   -2606.672   10007.867]]\n",
      "determinant of covariance matrix:  1.12452403781e+19\n",
      "\n",
      "# of samples in cluster 19: 934\n",
      "centroid:  [  825.682  2326.797   597.165   304.463]\n",
      "cluster covariance: \n",
      "[[  62290.616    -476.235   -1053.767    -630.309]\n",
      " [   -476.235  220951.352   -3366.877  -21401.162]\n",
      " [  -1053.767   -3366.877  123731.784     513.879]\n",
      " [   -630.309  -21401.162     513.879   11217.815]]\n",
      "determinant of covariance matrix:  1.55513697823e+19\n",
      "\n",
      "# of samples in cluster 20: 333\n",
      "centroid:  [  841.396  2311.91    586.333   301.978]\n",
      "cluster covariance: \n",
      "[[  59037.132   -2360.015   -5773.958     976.424]\n",
      " [  -2360.015  212200.329   -2704.587  -18382.082]\n",
      " [  -5773.958   -2704.587  122982.205    2148.876]\n",
      " [    976.424  -18382.082    2148.876   11295.948]]\n",
      "determinant of covariance matrix:  1.48048600763e+19\n",
      "\n",
      "# of samples in cluster 21: 294\n",
      "centroid:  [  798.204  2343.204   641.714   304.485]\n",
      "cluster covariance: \n",
      "[[  60745.924    3420.317   -7760.962   -2093.663]\n",
      " [   3420.317  214164.47    -2575.027  -28130.116]\n",
      " [  -7760.962   -2575.027  114295.147    1591.614]\n",
      " [  -2093.663  -28130.116    1591.614   12426.002]]\n",
      "determinant of covariance matrix:  1.27762775685e+19\n",
      "\n",
      "# of samples in cluster 22: 289\n",
      "centroid:  [  813.979  2346.159   606.543   297.603]\n",
      "cluster covariance: \n",
      "[[  61982.687  -10278.08      773.459      33.21 ]\n",
      " [ -10278.08   209523.634    6666.333  -20992.099]\n",
      " [    773.459    6666.333  122727.416   -1940.56 ]\n",
      " [     33.21   -20992.099   -1940.56    11165.361]]\n",
      "determinant of covariance matrix:  1.42533397438e+19\n",
      "\n",
      "# of samples in cluster 23: 199\n",
      "centroid:  [  809.191  2282.658   593.266   318.038]\n",
      "cluster covariance: \n",
      "[[  66112.893   -2559.667   -1599.561    2000.887]\n",
      " [  -2559.667  215342.054   -2911.929  -20682.96 ]\n",
      " [  -1599.561   -2911.929  128280.116   -5570.718]\n",
      " [   2000.887  -20682.96    -5570.718   10011.042]]\n",
      "determinant of covariance matrix:  1.40744754693e+19\n",
      "\n",
      "# of samples in cluster 24: 191\n",
      "centroid:  [  829.424  2312.555   630.921   304.394]\n",
      "cluster covariance: \n",
      "[[  63503.867   -7876.089   -2849.935    2373.66 ]\n",
      " [  -7876.089  218030.006   13192.654  -16887.55 ]\n",
      " [  -2849.935   13192.654  104612.725   -1684.577]\n",
      " [   2373.66   -16887.55    -1684.577   10330.004]]\n",
      "determinant of covariance matrix:  1.28236606191e+19\n",
      "\n",
      "# of samples in cluster 25: 422\n",
      "centroid:  [  841.235  2367.382   625.519   297.913]\n",
      "cluster covariance: \n",
      "[[  65464.769   -9418.579    3147.591    1638.036]\n",
      " [  -9418.579  211145.581    7913.823  -14578.307]\n",
      " [   3147.591    7913.823  121944.279     231.091]\n",
      " [   1638.036  -14578.307     231.091   10176.659]]\n",
      "determinant of covariance matrix:  1.52645164615e+19\n",
      "\n",
      "# of samples in cluster 26: 236\n",
      "centroid:  [  803.131  2278.559   627.873   313.385]\n",
      "cluster covariance: \n",
      "[[  64402.064   -4569.801   -3721.566     562.709]\n",
      " [  -4569.801  222438.324    1764.071  -22627.219]\n",
      " [  -3721.566    1764.071  117226.784    -549.502]\n",
      " [    562.709  -22627.219    -549.502   10604.797]]\n",
      "determinant of covariance matrix:  1.38943891993e+19\n",
      "\n",
      "# of samples in cluster 27: 382\n",
      "centroid:  [  840.757  2333.586   615.812   296.29 ]\n",
      "cluster covariance: \n",
      "[[  64820.515     986.891    1733.718     275.97 ]\n",
      " [    986.891  206276.201    9286.788  -18644.306]\n",
      " [   1733.718    9286.788  123758.232     987.804]\n",
      " [    275.97   -18644.306     987.804   11502.729]]\n",
      "determinant of covariance matrix:  1.61363240055e+19\n",
      "\n"
     ]
    }
   ],
   "source": [
    "# From the BIC curve above, we see an elbow at 27 clusters. (Not sure what to do about the weird spike)\n",
    "\n",
    "n_clusters = 27\n",
    "gmm = mixture.GMM(n_components=n_clusters, n_iter=1000, covariance_type='diag')\n",
    "clusters = [[] for i in xrange(n_clusters)]\n",
    "predicted = gmm.fit_predict(syn_normalized_sample)\n",
    "for label, row in zip(predicted, syn_normalized[:,]):\n",
    "    clusters[label].append(row)\n",
    "\n",
    "for i in xrange(n_clusters):\n",
    "    clusters[i] = np.array(clusters[i])\n",
    "    print \"# of samples in cluster %d: %d\" % (i+1, len(clusters[i])) \n",
    "    print \"centroid: \", np.average(clusters[i], axis=0)\n",
    "    print \"cluster covariance: \"\n",
    "    covar = np.cov(clusters[i].T)\n",
    "    print covar\n",
    "    print \"determinant of covariance matrix: \", np.linalg.det(covar)\n",
    "    print"
   ]
  },
  {
   "cell_type": "markdown",
   "metadata": {},
   "source": [
    "#### 1.3) Scatter plot with 24 clusters"
   ]
  },
  {
   "cell_type": "code",
   "execution_count": 23,
   "metadata": {
    "collapsed": false
   },
   "outputs": [
    {
     "data": {
