{
 "cells": [
  {
   "cell_type": "code",
   "execution_count": 3,
   "metadata": {
    "collapsed": true
   },
   "outputs": [],
   "source": [
    "from mpl_toolkits.mplot3d import axes3d\n",
    "import matplotlib.pyplot as plt\n",
    "%matplotlib inline \n",
    "import numpy as np\n",
    "import urllib2\n",
    "import scipy.stats as stats\n",
    "\n",
    "np.set_printoptions(precision=3, suppress=True)\n",
    "url = ('https://raw.githubusercontent.com/Upward-Spiral-Science'\n",
    "       '/data/master/syn-density/output.csv')\n",
    "data = urllib2.urlopen(url)\n",
    "csv = np.genfromtxt(data, delimiter=\",\")[1:] # don't want first row (labels)\n",
    "\n",
    "# chopping data based on thresholds on x and y coordinates\n",
    "x_bounds = (409, 3529)\n",
    "y_bounds = (1564, 3124)\n",
    "\n",
    "def check_in_bounds(row, x_bounds, y_bounds):\n",
    "    if row[0] < x_bounds[0] or row[0] > x_bounds[1]:\n",
    "        return False\n",
    "    if row[1] < y_bounds[0] or row[1] > y_bounds[1]:\n",
    "        return False\n",
    "    if row[3] == 0:\n",
    "        return False\n",
    "    \n",
    "    return True\n",
    "\n",
    "indices_in_bound, = np.where(np.apply_along_axis(check_in_bounds, 1, csv, x_bounds, y_bounds))\n",
    "data_thresholded = csv[indices_in_bound]\n",
    "n = data_thresholded.shape[0]\n",
    "\n",
    "\n",
    "def synapses_over_unmasked(row):\n",
    "    s = (row[4]/row[3])*(64**3)\n",
    "    return [row[0], row[1], row[2], s]\n",
    "\n",
    "syn_unmasked = np.apply_along_axis(synapses_over_unmasked, 1, data_thresholded)\n",
    "syn_normalized = syn_unmasked"
   ]
  },
  {
   "cell_type": "markdown",
   "metadata": {},
   "source": [
    "### 1) Bic keeps getting better as we go up right now--let's look at more clusters!"
   ]
  },
  {
   "cell_type": "markdown",
   "metadata": {},
   "source": [
    "#### 1.1 Looking at BIC curve for more clusters"
   ]
  },
  {
   "cell_type": "code",
   "execution_count": 53,
   "metadata": {
    "collapsed": false
   },
   "outputs": [
    {
     "name": "stdout",
     "output_type": "stream",
     "text": [
      " \n",
      "test: bic loop #1:  cluster loop:  1,  2,  3,  4,  5,  6,  7,  8,  9,  10,  11, "
     ]
    },
    {
     "ename": "KeyboardInterrupt",
     "evalue": "",
     "output_type": "error",
     "traceback": [
      "\u001b[1;31m---------------------------------------------------------------------------\u001b[0m",
      "\u001b[1;31mKeyboardInterrupt\u001b[0m                         Traceback (most recent call last)",
      "\u001b[1;32m<ipython-input-53-1365b81d4c72>\u001b[0m in \u001b[0;36m<module>\u001b[1;34m()\u001b[0m\n\u001b[0;32m     15\u001b[0m         \u001b[1;32mprint\u001b[0m \u001b[1;33m(\u001b[0m\u001b[1;34m\"%d, \"\u001b[0m \u001b[1;33m%\u001b[0m\u001b[1;33m(\u001b[0m\u001b[0midx\u001b[0m\u001b[1;33m)\u001b[0m\u001b[1;33m)\u001b[0m\u001b[1;33m,\u001b[0m\u001b[1;33m\u001b[0m\u001b[0m\n\u001b[0;32m     16\u001b[0m         \u001b[0mgmm\u001b[0m \u001b[1;33m=\u001b[0m \u001b[0mmixture\u001b[0m\u001b[1;33m.\u001b[0m\u001b[0mGMM\u001b[0m\u001b[1;33m(\u001b[0m\u001b[0mn_components\u001b[0m\u001b[1;33m=\u001b[0m\u001b[0midx\u001b[0m\u001b[1;33m,\u001b[0m \u001b[0mn_iter\u001b[0m\u001b[1;33m=\u001b[0m\u001b[1;36m1000\u001b[0m\u001b[1;33m,\u001b[0m \u001b[0mcovariance_type\u001b[0m\u001b[1;33m=\u001b[0m\u001b[1;34m'diag'\u001b[0m\u001b[1;33m)\u001b[0m\u001b[1;33m\u001b[0m\u001b[0m\n\u001b[1;32m---> 17\u001b[1;33m         \u001b[0mgmm\u001b[0m\u001b[1;33m.\u001b[0m\u001b[0mfit\u001b[0m\u001b[1;33m(\u001b[0m\u001b[0msyn_normalized_sample\u001b[0m\u001b[1;33m)\u001b[0m\u001b[1;33m\u001b[0m\u001b[0m\n\u001b[0m\u001b[0;32m     18\u001b[0m         \u001b[0mbic\u001b[0m \u001b[1;33m=\u001b[0m \u001b[0mnp\u001b[0m\u001b[1;33m.\u001b[0m\u001b[0mappend\u001b[0m\u001b[1;33m(\u001b[0m\u001b[0mbic\u001b[0m\u001b[1;33m,\u001b[0m \u001b[0mgmm\u001b[0m\u001b[1;33m.\u001b[0m\u001b[0mbic\u001b[0m\u001b[1;33m(\u001b[0m\u001b[0msyn_normalized_sample\u001b[0m\u001b[1;33m)\u001b[0m\u001b[1;33m)\u001b[0m\u001b[1;33m\u001b[0m\u001b[0m\n\u001b[0;32m     19\u001b[0m     \u001b[0mbics\u001b[0m\u001b[1;33m.\u001b[0m\u001b[0mappend\u001b[0m\u001b[1;33m(\u001b[0m\u001b[0mbic\u001b[0m\u001b[1;33m)\u001b[0m\u001b[1;33m\u001b[0m\u001b[0m\n",
      "\u001b[1;32mC:\\Anaconda2\\lib\\site-packages\\sklearn\\mixture\\gmm.pyc\u001b[0m in \u001b[0;36mfit\u001b[1;34m(self, X, y)\u001b[0m\n\u001b[0;32m    596\u001b[0m         \u001b[0mself\u001b[0m\u001b[1;33m\u001b[0m\u001b[0m\n\u001b[0;32m    597\u001b[0m         \"\"\"\n\u001b[1;32m--> 598\u001b[1;33m         \u001b[0mself\u001b[0m\u001b[1;33m.\u001b[0m\u001b[0m_fit\u001b[0m\u001b[1;33m(\u001b[0m\u001b[0mX\u001b[0m\u001b[1;33m,\u001b[0m \u001b[0my\u001b[0m\u001b[1;33m)\u001b[0m\u001b[1;33m\u001b[0m\u001b[0m\n\u001b[0m\u001b[0;32m    599\u001b[0m         \u001b[1;32mreturn\u001b[0m \u001b[0mself\u001b[0m\u001b[1;33m\u001b[0m\u001b[0m\n\u001b[0;32m    600\u001b[0m \u001b[1;33m\u001b[0m\u001b[0m\n",
      "\u001b[1;32mC:\\Anaconda2\\lib\\site-packages\\sklearn\\mixture\\gmm.pyc\u001b[0m in \u001b[0;36m_fit\u001b[1;34m(self, X, y, do_prediction)\u001b[0m\n\u001b[0;32m    486\u001b[0m                 self.means_ = cluster.KMeans(\n\u001b[0;32m    487\u001b[0m                     \u001b[0mn_clusters\u001b[0m\u001b[1;33m=\u001b[0m\u001b[0mself\u001b[0m\u001b[1;33m.\u001b[0m\u001b[0mn_components\u001b[0m\u001b[1;33m,\u001b[0m\u001b[1;33m\u001b[0m\u001b[0m\n\u001b[1;32m--> 488\u001b[1;33m                     random_state=self.random_state).fit(X).cluster_centers_\n\u001b[0m\u001b[0;32m    489\u001b[0m                 \u001b[1;32mif\u001b[0m \u001b[0mself\u001b[0m\u001b[1;33m.\u001b[0m\u001b[0mverbose\u001b[0m \u001b[1;33m>\u001b[0m \u001b[1;36m1\u001b[0m\u001b[1;33m:\u001b[0m\u001b[1;33m\u001b[0m\u001b[0m\n\u001b[0;32m    490\u001b[0m                     \u001b[1;32mprint\u001b[0m\u001b[1;33m(\u001b[0m\u001b[1;34m'\\tMeans have been initialized.'\u001b[0m\u001b[1;33m)\u001b[0m\u001b[1;33m\u001b[0m\u001b[0m\n",
      "\u001b[1;32mC:\\Anaconda2\\lib\\site-packages\\sklearn\\cluster\\k_means_.pyc\u001b[0m in \u001b[0;36mfit\u001b[1;34m(self, X, y)\u001b[0m\n\u001b[0;32m    819\u001b[0m                 \u001b[0mprecompute_distances\u001b[0m\u001b[1;33m=\u001b[0m\u001b[0mself\u001b[0m\u001b[1;33m.\u001b[0m\u001b[0mprecompute_distances\u001b[0m\u001b[1;33m,\u001b[0m\u001b[1;33m\u001b[0m\u001b[0m\n\u001b[0;32m    820\u001b[0m                 \u001b[0mtol\u001b[0m\u001b[1;33m=\u001b[0m\u001b[0mself\u001b[0m\u001b[1;33m.\u001b[0m\u001b[0mtol\u001b[0m\u001b[1;33m,\u001b[0m \u001b[0mrandom_state\u001b[0m\u001b[1;33m=\u001b[0m\u001b[0mrandom_state\u001b[0m\u001b[1;33m,\u001b[0m \u001b[0mcopy_x\u001b[0m\u001b[1;33m=\u001b[0m\u001b[0mself\u001b[0m\u001b[1;33m.\u001b[0m\u001b[0mcopy_x\u001b[0m\u001b[1;33m,\u001b[0m\u001b[1;33m\u001b[0m\u001b[0m\n\u001b[1;32m--> 821\u001b[1;33m                 n_jobs=self.n_jobs)\n\u001b[0m\u001b[0;32m    822\u001b[0m         \u001b[1;32mreturn\u001b[0m \u001b[0mself\u001b[0m\u001b[1;33m\u001b[0m\u001b[0m\n\u001b[0;32m    823\u001b[0m \u001b[1;33m\u001b[0m\u001b[0m\n",
      "\u001b[1;32mC:\\Anaconda2\\lib\\site-packages\\sklearn\\cluster\\k_means_.pyc\u001b[0m in \u001b[0;36mk_means\u001b[1;34m(X, n_clusters, init, precompute_distances, n_init, max_iter, verbose, tol, random_state, copy_x, n_jobs, return_n_iter)\u001b[0m\n\u001b[0;32m    322\u001b[0m                 \u001b[0mX\u001b[0m\u001b[1;33m,\u001b[0m \u001b[0mn_clusters\u001b[0m\u001b[1;33m,\u001b[0m \u001b[0mmax_iter\u001b[0m\u001b[1;33m=\u001b[0m\u001b[0mmax_iter\u001b[0m\u001b[1;33m,\u001b[0m \u001b[0minit\u001b[0m\u001b[1;33m=\u001b[0m\u001b[0minit\u001b[0m\u001b[1;33m,\u001b[0m \u001b[0mverbose\u001b[0m\u001b[1;33m=\u001b[0m\u001b[0mverbose\u001b[0m\u001b[1;33m,\u001b[0m\u001b[1;33m\u001b[0m\u001b[0m\n\u001b[0;32m    323\u001b[0m                 \u001b[0mprecompute_distances\u001b[0m\u001b[1;33m=\u001b[0m\u001b[0mprecompute_distances\u001b[0m\u001b[1;33m,\u001b[0m \u001b[0mtol\u001b[0m\u001b[1;33m=\u001b[0m\u001b[0mtol\u001b[0m\u001b[1;33m,\u001b[0m\u001b[1;33m\u001b[0m\u001b[0m\n\u001b[1;32m--> 324\u001b[1;33m                 x_squared_norms=x_squared_norms, random_state=random_state)\n\u001b[0m\u001b[0;32m    325\u001b[0m             \u001b[1;31m# determine if these results are the best so far\u001b[0m\u001b[1;33m\u001b[0m\u001b[1;33m\u001b[0m\u001b[0m\n\u001b[0;32m    326\u001b[0m             \u001b[1;32mif\u001b[0m \u001b[0mbest_inertia\u001b[0m \u001b[1;32mis\u001b[0m \u001b[0mNone\u001b[0m \u001b[1;32mor\u001b[0m \u001b[0minertia\u001b[0m \u001b[1;33m<\u001b[0m \u001b[0mbest_inertia\u001b[0m\u001b[1;33m:\u001b[0m\u001b[1;33m\u001b[0m\u001b[0m\n",
      "\u001b[1;32mC:\\Anaconda2\\lib\\site-packages\\sklearn\\cluster\\k_means_.pyc\u001b[0m in \u001b[0;36m_kmeans_single\u001b[1;34m(X, n_clusters, x_squared_norms, max_iter, init, verbose, random_state, tol, precompute_distances)\u001b[0m\n\u001b[0;32m    445\u001b[0m             _labels_inertia(X, x_squared_norms, centers,\n\u001b[0;32m    446\u001b[0m                             \u001b[0mprecompute_distances\u001b[0m\u001b[1;33m=\u001b[0m\u001b[0mprecompute_distances\u001b[0m\u001b[1;33m,\u001b[0m\u001b[1;33m\u001b[0m\u001b[0m\n\u001b[1;32m--> 447\u001b[1;33m                             distances=distances)\n\u001b[0m\u001b[0;32m    448\u001b[0m \u001b[1;33m\u001b[0m\u001b[0m\n\u001b[0;32m    449\u001b[0m         \u001b[1;31m# computation of the means is also called the M-step of EM\u001b[0m\u001b[1;33m\u001b[0m\u001b[1;33m\u001b[0m\u001b[0m\n",
      "\u001b[1;32mC:\\Anaconda2\\lib\\site-packages\\sklearn\\cluster\\k_means_.pyc\u001b[0m in \u001b[0;36m_labels_inertia\u001b[1;34m(X, x_squared_norms, centers, precompute_distances, distances)\u001b[0m\n\u001b[0;32m    574\u001b[0m         \u001b[1;32mif\u001b[0m \u001b[0mprecompute_distances\u001b[0m\u001b[1;33m:\u001b[0m\u001b[1;33m\u001b[0m\u001b[0m\n\u001b[0;32m    575\u001b[0m             return _labels_inertia_precompute_dense(X, x_squared_norms,\n\u001b[1;32m--> 576\u001b[1;33m                                                     centers, distances)\n\u001b[0m\u001b[0;32m    577\u001b[0m         inertia = _k_means._assign_labels_array(\n\u001b[0;32m    578\u001b[0m             X, x_squared_norms, centers, labels, distances=distances)\n",
      "\u001b[1;32mC:\\Anaconda2\\lib\\site-packages\\sklearn\\cluster\\k_means_.pyc\u001b[0m in \u001b[0;36m_labels_inertia_precompute_dense\u001b[1;34m(X, x_squared_norms, centers, distances)\u001b[0m\n\u001b[0;32m    519\u001b[0m         \u001b[0mdist\u001b[0m \u001b[1;33m=\u001b[0m \u001b[0mall_distances\u001b[0m\u001b[1;33m[\u001b[0m\u001b[0mcenter_id\u001b[0m\u001b[1;33m]\u001b[0m\u001b[1;33m\u001b[0m\u001b[0m\n\u001b[0;32m    520\u001b[0m         \u001b[0mlabels\u001b[0m\u001b[1;33m[\u001b[0m\u001b[0mdist\u001b[0m \u001b[1;33m<\u001b[0m \u001b[0mmindist\u001b[0m\u001b[1;33m]\u001b[0m \u001b[1;33m=\u001b[0m \u001b[0mcenter_id\u001b[0m\u001b[1;33m\u001b[0m\u001b[0m\n\u001b[1;32m--> 521\u001b[1;33m         \u001b[0mmindist\u001b[0m \u001b[1;33m=\u001b[0m \u001b[0mnp\u001b[0m\u001b[1;33m.\u001b[0m\u001b[0mminimum\u001b[0m\u001b[1;33m(\u001b[0m\u001b[0mdist\u001b[0m\u001b[1;33m,\u001b[0m \u001b[0mmindist\u001b[0m\u001b[1;33m)\u001b[0m\u001b[1;33m\u001b[0m\u001b[0m\n\u001b[0m\u001b[0;32m    522\u001b[0m     \u001b[1;32mif\u001b[0m \u001b[0mn_samples\u001b[0m \u001b[1;33m==\u001b[0m \u001b[0mdistances\u001b[0m\u001b[1;33m.\u001b[0m\u001b[0mshape\u001b[0m\u001b[1;33m[\u001b[0m\u001b[1;36m0\u001b[0m\u001b[1;33m]\u001b[0m\u001b[1;33m:\u001b[0m\u001b[1;33m\u001b[0m\u001b[0m\n\u001b[0;32m    523\u001b[0m         \u001b[1;31m# distances will be changed in-place\u001b[0m\u001b[1;33m\u001b[0m\u001b[1;33m\u001b[0m\u001b[0m\n",
      "\u001b[1;31mKeyboardInterrupt\u001b[0m: "
     ]
    }
   ],
   "source": [
    "import sklearn.mixture as mixture\n",
    "\n",
    "# Randomly Sample\n",
    "samples = 10000\n",
    "perm = np.random.permutation(xrange(1, len(syn_normalized[:])))\n",
    "syn_normalized_sample = syn_normalized[perm[:samples]]\n",
    "bics = []\n",
    "max_clusters = 30\n",
    "for i in range(1,15):\n",
    "    print (\"\\ntest: bic loop #%d: \" %(i)),\n",
    "    bic = np.array([])\n",
    "    i = np.array(range(1, max_clusters))\n",
    "    print (\"cluster loop: \"),\n",
    "    for idx in range(1, max_clusters):\n",
    "        print (\"%d, \" %(idx)),\n",
    "        gmm = mixture.GMM(n_components=idx, n_iter=1000, covariance_type='diag')\n",
    "        gmm.fit(syn_normalized_sample)\n",
    "        bic = np.append(bic, gmm.bic(syn_normalized_sample))\n",
    "    bics.append(bic)\n",
    "bic = np.asarray(bics)\n",
    "bic_mean = np.max(bic,0)\n",
    "\n",
    "plt.figure(figsize=(7,7))\n",
    "plt.plot(i, 1.0/bic_mean)\n",
    "plt.title('BIC')\n",
    "plt.ylabel('score')\n",
    "plt.xlabel('number of clusters')\n",
    "plt.show()\n"
   ]
  },
  {
   "cell_type": "markdown",
   "metadata": {},
   "source": [
    "#### 1.2) Compute mean, variance on each cluster"
   ]
  },
  {
   "cell_type": "code",
   "execution_count": 4,
   "metadata": {
    "collapsed": false
   },
   "outputs": [
    {
     "name": "stdout",
     "output_type": "stream",
     "text": [
      "# of samples in cluster 1: 460\n",
      "centroid:  [  823.502  2339.167   610.      297.276]\n",
      "cluster covariance: \n",
      "[[  59479.492    -444.666    -886.549     689.114]\n",
      " [   -444.666  203721.007   -2782.255  -19208.162]\n",
      " [   -886.549   -2782.255  124552.157     121.61 ]\n",
      " [    689.114  -19208.162     121.61    12043.903]]\n",
      "determinant of covariance matrix:  1.54262002623e+19\n",
      "\n",
      "# of samples in cluster 2: 276\n",
      "centroid:  [  825.565  2328.457   585.467   313.613]\n",
      "cluster covariance: \n",
      "[[  69788.69   -14187.183    5329.404    1156.664]\n",
      " [ -14187.183  207144.489   -2602.305  -19663.709]\n",
      " [   5329.404   -2602.305  115930.221    1829.579]\n",
      " [   1156.664  -19663.709    1829.579   10261.48 ]]\n",
      "determinant of covariance matrix:  1.37860101302e+19\n",
      "\n",
      "# of samples in cluster 3: 273\n",
      "centroid:  [  842.571  2313.571   587.637   306.381]\n",
      "cluster covariance: \n",
      "[[  61378.216   -3746.765   -6247.656     354.724]\n",
      " [  -3746.765  212933.363    3295.895  -13616.519]\n",
      " [  -6247.656    3295.895  118948.357    1157.144]\n",
      " [    354.724  -13616.519    1157.144   10818.193]]\n",
      "determinant of covariance matrix:  1.53346645607e+19\n",
      "\n",
      "# of samples in cluster 4: 688\n",
      "centroid:  [  826.379  2337.594   604.999   298.596]\n",
      "cluster covariance: \n",
      "[[  63297.327    1601.434    1258.769    -857.068]\n",
      " [   1601.434  220136.39    -1443.577  -20573.011]\n",
      " [   1258.769   -1443.577  125964.796    -880.151]\n",
      " [   -857.068  -20573.011    -880.151   11019.652]]\n",
      "determinant of covariance matrix:  1.59318280332e+19\n",
      "\n",
      "# of samples in cluster 5: 297\n",
      "centroid:  [  817.253  2337.434   604.768   304.257]\n",
      "cluster covariance: \n",
      "[[  66009.068   -7520.725    1997.076    1866.476]\n",
      " [  -7520.725  192116.598   -1789.47   -15295.831]\n",
      " [   1997.076   -1789.47   113275.78     1356.2  ]\n",
      " [   1866.476  -15295.831    1356.2      9939.871]]\n",
      "determinant of covariance matrix:  1.24128650415e+19\n",
      "\n",
      "# of samples in cluster 6: 313\n",
      "centroid:  [  828.157  2348.236   627.732   299.194]\n",
      "cluster covariance: \n",
      "[[  54429.671  -11009.79      868.85     1596.393]\n",
      " [ -11009.79   223208.245   15187.141  -20114.764]\n",
      " [    868.85    15187.141  124316.235    -519.142]\n",
      " [   1596.393  -20114.764    -519.142   10779.545]]\n",
      "determinant of covariance matrix:  1.32728305261e+19\n",
      "\n",
      "# of samples in cluster 7: 282\n",
      "centroid:  [  809.372  2302.926   590.319   311.237]\n",
      "cluster covariance: \n",
      "[[  64970.263  -12314.203     281.891    -292.699]\n",
      " [ -12314.203  203230.51   -11240.912  -17083.783]\n",
      " [    281.891  -11240.912  130538.353    2349.534]\n",
      " [   -292.699  -17083.783    2349.534   10269.709]]\n",
      "determinant of covariance matrix:  1.49069865308e+19\n",
      "\n",
      "# of samples in cluster 8: 467\n",
      "centroid:  [  834.66   2336.317   603.107   299.715]\n",
      "cluster covariance: \n",
      "[[  64954.448   -3286.405   -4454.262    -192.257]\n",
      " [  -3286.405  221275.719    9589.636  -21679.181]\n",
      " [  -4454.262    9589.636  135351.186    -647.922]\n",
      " [   -192.257  -21679.181    -647.922   10801.9  ]]\n",
      "determinant of covariance matrix:  1.67728348047e+19\n",
      "\n",
      "# of samples in cluster 9: 415\n",
      "centroid:  [  817.231  2379.429   591.812   298.363]\n",
      "cluster covariance: \n",
      "[[  60565.599   -2778.346   -7070.826     581.398]\n",
      " [  -2778.346  218011.912   13612.023  -23303.263]\n",
      " [  -7070.826   13612.023  120557.052     197.504]\n",
      " [    581.398  -23303.263     197.504   12095.318]]\n",
      "determinant of covariance matrix:  1.50328756736e+19\n",
      "\n",
      "# of samples in cluster 10: 326\n",
      "centroid:  [  846.853  2356.561   634.175   294.874]\n",
      "cluster covariance: \n",
      "[[  62511.707    1044.415   -2558.993     229.84 ]\n",
      " [   1044.415  211494.727      94.997  -21009.511]\n",
      " [  -2558.993      94.997  123419.905   -1288.814]\n",
      " [    229.84   -21009.511   -1288.814   11423.07 ]]\n",
      "determinant of covariance matrix:  1.51955142559e+19\n",
      "\n",
      "# of samples in cluster 11: 451\n",
      "centroid:  [  830.736  2342.53    629.69    303.29 ]\n",
      "cluster covariance: \n",
      "[[  64315.839   -2163.762     133.72      826.154]\n",
      " [  -2163.762  212062.414   -4396.191  -19827.86 ]\n",
      " [    133.72    -4396.191  124190.459    1705.387]\n",
      " [    826.154  -19827.86     1705.387   10905.379]]\n",
      "determinant of covariance matrix:  1.52820781144e+19\n",
      "\n",
      "# of samples in cluster 12: 283\n",
      "centroid:  [  828.905  2283.364   615.883   307.069]\n",
      "cluster covariance: \n",
      "[[  62019.087   -3627.827    6700.712     228.923]\n",
      " [  -3627.827  202152.232   17489.798  -19865.23 ]\n",
      " [   6700.712   17489.798  116490.465   -4040.436]\n",
      " [    228.923  -19865.23    -4040.436   10906.611]]\n",
      "determinant of covariance matrix:  1.27382565868e+19\n",
      "\n",
      "# of samples in cluster 13: 217\n",
      "centroid:  [  801.876  2333.576   644.783   308.755]\n",
      "cluster covariance: \n",
      "[[  63915.943   -7997.386   -5692.11        9.445]\n",
      " [  -7997.386  219604.921    -557.657  -23566.358]\n",
      " [  -5692.11     -557.657  117203.013   -3373.071]\n",
      " [      9.445  -23566.358   -3373.071   12357.303]]\n",
      "determinant of covariance matrix:  1.58337000964e+19\n",
      "\n",
      "# of samples in cluster 14: 297\n",
      "centroid:  [  796.636  2317.606   582.343   318.142]\n",
      "cluster covariance: \n",
      "[[  66147.617   -5807.455    -284.966    -222.815]\n",
      " [  -5807.455  229645.152    3947.568  -22721.053]\n",
      " [   -284.966    3947.568  116615.03      290.168]\n",
      " [   -222.815  -22721.053     290.168   11268.138]]\n",
      "determinant of covariance matrix:  1.59097661685e+19\n",
      "\n",
      "# of samples in cluster 15: 654\n",
      "centroid:  [  829.353  2333.505   630.537   302.218]\n",
      "cluster covariance: \n",
      "[[  62043.877   -1092.468    -405.539    -527.645]\n",
      " [  -1092.468  206354.364   -4338.528  -18653.097]\n",
      " [   -405.539   -4338.528  122693.257    -450.16 ]\n",
      " [   -527.645  -18653.097    -450.16    10995.569]]\n",
      "determinant of covariance matrix:  1.45920104358e+19\n",
      "\n",
      "# of samples in cluster 16: 211\n",
      "centroid:  [  835.227  2235.872   591.062   316.65 ]\n",
      "cluster covariance: \n",
      "[[  63722.177   -8652.228    4441.157    3224.622]\n",
      " [  -8652.228  187148.769    6332.494  -14368.007]\n",
      " [   4441.157    6332.494  122028.23     -105.791]\n",
      " [   3224.622  -14368.007    -105.791    9962.575]]\n",
      "determinant of covariance matrix:  1.26027693135e+19\n",
      "\n",
      "# of samples in cluster 17: 602\n",
      "centroid:  [  829.708  2345.684   636.551   300.531]\n",
      "cluster covariance: \n",
      "[[  60816.676   -2878.693   -1234.464     307.539]\n",
      " [  -2878.693  211818.552    4111.331  -21301.888]\n",
      " [  -1234.464    4111.331  130417.166   -1146.411]\n",
      " [    307.539  -21301.888   -1146.411   11435.906]]\n",
      "determinant of covariance matrix:  1.55845173134e+19\n",
      "\n",
      "# of samples in cluster 18: 329\n",
      "centroid:  [  797.103  2325.389   620.122   299.809]\n",
      "cluster covariance: \n",
      "[[  63433.221   -2006.214   -3240.692   -1168.459]\n",
      " [  -2006.214  213839.982     954.44   -22064.636]\n",
      " [  -3240.692     954.44   122656.473    1367.007]\n",
      " [  -1168.459  -22064.636    1367.007   12242.216]]\n",
      "determinant of covariance matrix:  1.64767365635e+19\n",
      "\n",
      "# of samples in cluster 19: 330\n",
      "centroid:  [  831.145  2310.673   628.836   304.756]\n",
      "cluster covariance: \n",
      "[[  65314.264      94.479     155.823    -909.481]\n",
      " [     94.479  213092.646   -4830.92   -20956.066]\n",
      " [    155.823   -4830.92   119333.827   -2446.627]\n",
      " [   -909.481  -20956.066   -2446.627   11173.658]]\n",
      "determinant of covariance matrix:  1.49821379393e+19\n",
      "\n",
      "# of samples in cluster 20: 671\n",
      "centroid:  [  834.571  2345.221   608.18    303.228]\n",
      "cluster covariance: \n",
      "[[  58764.657    1223.262   -1531.091     -83.47 ]\n",
      " [   1223.262  208659.277   -2343.189  -19897.203]\n",
      " [  -1531.091   -2343.189  127491.45      916.051]\n",
      " [    -83.47   -19897.203     916.051   11310.782]]\n",
      "determinant of covariance matrix:  1.47004962075e+19\n",
      "\n",
      "# of samples in cluster 21: 158\n",
      "centroid:  [  803.937  2401.019   617.728   284.206]\n",
      "cluster covariance: \n",
      "[[  65271.907   -1823.655     568.218    -622.152]\n",
      " [  -1823.655  232095.611    6284.432  -28407.605]\n",
      " [    568.218    6284.432  128250.951    1386.758]\n",
      " [   -622.152  -28407.605    1386.758   13294.041]]\n",
      "determinant of covariance matrix:  1.89511899099e+19\n",
      "\n",
      "# of samples in cluster 22: 111\n",
      "centroid:  [  775.459  2316.243   606.      296.044]\n",
      "cluster covariance: \n",
      "[[  67816.669    1995.487    9822.327    1601.035]\n",
      " [   1995.487  225229.331    3784.064  -26465.386]\n",
      " [   9822.327    3784.064  122297.782   -1084.451]\n",
      " [   1601.035  -26465.386   -1084.451   13778.895]]\n",
      "determinant of covariance matrix:  1.95800310388e+19\n",
      "\n",
      "# of samples in cluster 23: 122\n",
      "centroid:  [  828.41   2331.213   519.016   283.839]\n",
      "cluster covariance: \n",
      "[[  66982.112  -15346.212   17938.869    2241.455]\n",
      " [ -15346.212  226728.119    4944.831  -17713.23 ]\n",
      " [  17938.869    4944.831  118732.975    2857.479]\n",
      " [   2241.455  -17713.23     2857.479    9853.089]]\n",
      "determinant of covariance matrix:  1.42212226946e+19\n",
      "\n",
      "# of samples in cluster 24: 549\n",
      "centroid:  [  821.377  2326.525   637.093   301.81 ]\n",
      "cluster covariance: \n",
      "[[  64948.538  -10524.466     380.089    1271.126]\n",
      " [ -10524.466  215920.301     253.134  -20509.817]\n",
      " [    380.089     253.134  119012.165   -1886.293]\n",
      " [   1271.126  -20509.817   -1886.293   11310.266]]\n",
      "determinant of covariance matrix:  1.54512445273e+19\n",
      "\n",
      "# of samples in cluster 25: 226\n",
      "centroid:  [  825.748  2325.535   608.035   300.773]\n",
      "cluster covariance: \n",
      "[[  65482.056   -6270.678    -659.098     813.9  ]\n",
      " [  -6270.678  209711.023    8756.243  -15622.704]\n",
      " [   -659.098    8756.243  112363.643   -4197.783]\n",
      " [    813.9    -15622.704   -4197.783   10804.218]]\n",
      "determinant of covariance matrix:  1.46093093622e+19\n",
      "\n",
      "# of samples in cluster 26: 419\n",
      "centroid:  [  826.737  2329.014   598.609   302.172]\n",
      "cluster covariance: \n",
      "[[  67870.285     223.805    4583.586   -2432.313]\n",
      " [    223.805  216742.995    1361.64   -21548.605]\n",
      " [   4583.586    1361.64   117980.564    1561.655]\n",
      " [  -2432.313  -21548.605    1561.655   11592.243]]\n",
      "determinant of covariance matrix:  1.6157408644e+19\n",
      "\n",
      "# of samples in cluster 27: 573\n",
      "centroid:  [  821.937  2319.838   607.094   308.215]\n",
      "cluster covariance: \n",
      "[[  61746.216     326.502    1277.676    -641.644]\n",
      " [    326.502  205603.731     845.417  -18412.037]\n",
      " [   1277.676     845.417  124687.816     679.661]\n",
      " [   -641.644  -18412.037     679.661   10500.306]]\n",
      "determinant of covariance matrix:  1.39908296896e+19\n",
      "\n"
     ]
    }
   ],
   "source": [
    "# From the BIC curve above, we see an elbow at 27 clusters. (Not sure what to do about the weird spike)\n",
    "\n",
    "n_clusters = 27\n",
    "gmm = mixture.GMM(n_components=n_clusters, n_iter=1000, covariance_type='diag')\n",
    "clusters = [[] for i in xrange(n_clusters)]\n",
    "predicted = gmm.fit_predict(syn_normalized_sample)\n",
    "for label, row in zip(predicted, syn_normalized[:,]):\n",
    "    clusters[label].append(row)\n",
    "\n",
    "for i in xrange(n_clusters):\n",
    "    clusters[i] = np.array(clusters[i])\n",
    "    print \"# of samples in cluster %d: %d\" % (i+1, len(clusters[i])) \n",
    "    print \"centroid: \", np.average(clusters[i], axis=0)\n",
    "    print \"cluster covariance: \"\n",
    "    covar = np.cov(clusters[i].T)\n",
    "    print covar\n",
    "    print \"determinant of covariance matrix: \", np.linalg.det(covar)\n",
    "    print"
   ]
  },
  {
   "cell_type": "markdown",
   "metadata": {},
   "source": [
    "#### 1.3) Scatter plot with 24 clusters"
   ]
  },
  {
   "cell_type": "code",
   "execution_count": 5,
   "metadata": {
    "collapsed": false
   },
   "outputs": [
    {
     "data": {
