{
 "cells": [
  {
   "cell_type": "code",
   "execution_count": 55,
   "metadata": {
    "collapsed": true
   },
   "outputs": [],
   "source": [
    "from mpl_toolkits.mplot3d import axes3d\n",
    "import matplotlib.pyplot as plt\n",
    "%matplotlib inline \n",
    "import numpy as np\n",
    "import urllib2\n",
    "import scipy.stats as stats\n",
    "\n",
    "np.set_printoptions(precision=3, suppress=True)\n",
    "url = ('https://raw.githubusercontent.com/Upward-Spiral-Science'\n",
    "       '/data/master/syn-density/output.csv')\n",
    "data = urllib2.urlopen(url)\n",
    "csv = np.genfromtxt(data, delimiter=\",\")[1:] # don't want first row (labels)\n",
    "\n",
    "# chopping data based on thresholds on x and y coordinates\n",
    "x_bounds = (409, 3529)\n",
    "y_bounds = (1564, 3124)\n",
    "\n",
    "def check_in_bounds(row, x_bounds, y_bounds):\n",
    "    if row[0] < x_bounds[0] or row[0] > x_bounds[1]:\n",
    "        return False\n",
    "    if row[1] < y_bounds[0] or row[1] > y_bounds[1]:\n",
    "        return False\n",
    "    if row[3] == 0:\n",
    "        return False\n",
    "    \n",
    "    return True\n",
    "\n",
    "indices_in_bound, = np.where(np.apply_along_axis(check_in_bounds, 1, csv, x_bounds, y_bounds))\n",
    "data_thresholded = csv[indices_in_bound]\n",
    "n = data_thresholded.shape[0]\n",
    "\n",
    "\n",
    "def synapses_over_unmasked(row):\n",
    "    s = (row[4]/row[3])*(64**3)\n",
    "    return [row[0], row[1], row[2], s]\n",
    "\n",
    "syn_unmasked = np.apply_along_axis(synapses_over_unmasked, 1, data_thresholded)\n",
    "syn_normalized = syn_unmasked"
   ]
  },
  {
   "cell_type": "markdown",
   "metadata": {},
   "source": [
    "### 1) Bic keeps getting better as we go up right now--let's look at more clusters!"
   ]
  },
  {
   "cell_type": "markdown",
   "metadata": {},
   "source": [
    "#### 1.1 Looking at BIC curve for more clusters"
   ]
  },
  {
   "cell_type": "code",
   "execution_count": 56,
   "metadata": {
    "collapsed": false
   },
   "outputs": [
    {
     "name": "stdout",
     "output_type": "stream",
     "text": [
      "\n",
      "test: bic loop #1:  cluster loop:  1,  2,  3,  4,  5,  6,  7, "
     ]
    },
    {
     "ename": "KeyboardInterrupt",
     "evalue": "",
     "output_type": "error",
     "traceback": [
      "\u001b[1;31m---------------------------------------------------------------------------\u001b[0m",
      "\u001b[1;31mKeyboardInterrupt\u001b[0m                         Traceback (most recent call last)",
      "\u001b[1;32m<ipython-input-56-1365b81d4c72>\u001b[0m in \u001b[0;36m<module>\u001b[1;34m()\u001b[0m\n\u001b[0;32m     15\u001b[0m         \u001b[1;32mprint\u001b[0m \u001b[1;33m(\u001b[0m\u001b[1;34m\"%d, \"\u001b[0m \u001b[1;33m%\u001b[0m\u001b[1;33m(\u001b[0m\u001b[0midx\u001b[0m\u001b[1;33m)\u001b[0m\u001b[1;33m)\u001b[0m\u001b[1;33m,\u001b[0m\u001b[1;33m\u001b[0m\u001b[0m\n\u001b[0;32m     16\u001b[0m         \u001b[0mgmm\u001b[0m \u001b[1;33m=\u001b[0m \u001b[0mmixture\u001b[0m\u001b[1;33m.\u001b[0m\u001b[0mGMM\u001b[0m\u001b[1;33m(\u001b[0m\u001b[0mn_components\u001b[0m\u001b[1;33m=\u001b[0m\u001b[0midx\u001b[0m\u001b[1;33m,\u001b[0m \u001b[0mn_iter\u001b[0m\u001b[1;33m=\u001b[0m\u001b[1;36m1000\u001b[0m\u001b[1;33m,\u001b[0m \u001b[0mcovariance_type\u001b[0m\u001b[1;33m=\u001b[0m\u001b[1;34m'diag'\u001b[0m\u001b[1;33m)\u001b[0m\u001b[1;33m\u001b[0m\u001b[0m\n\u001b[1;32m---> 17\u001b[1;33m         \u001b[0mgmm\u001b[0m\u001b[1;33m.\u001b[0m\u001b[0mfit\u001b[0m\u001b[1;33m(\u001b[0m\u001b[0msyn_normalized_sample\u001b[0m\u001b[1;33m)\u001b[0m\u001b[1;33m\u001b[0m\u001b[0m\n\u001b[0m\u001b[0;32m     18\u001b[0m         \u001b[0mbic\u001b[0m \u001b[1;33m=\u001b[0m \u001b[0mnp\u001b[0m\u001b[1;33m.\u001b[0m\u001b[0mappend\u001b[0m\u001b[1;33m(\u001b[0m\u001b[0mbic\u001b[0m\u001b[1;33m,\u001b[0m \u001b[0mgmm\u001b[0m\u001b[1;33m.\u001b[0m\u001b[0mbic\u001b[0m\u001b[1;33m(\u001b[0m\u001b[0msyn_normalized_sample\u001b[0m\u001b[1;33m)\u001b[0m\u001b[1;33m)\u001b[0m\u001b[1;33m\u001b[0m\u001b[0m\n\u001b[0;32m     19\u001b[0m     \u001b[0mbics\u001b[0m\u001b[1;33m.\u001b[0m\u001b[0mappend\u001b[0m\u001b[1;33m(\u001b[0m\u001b[0mbic\u001b[0m\u001b[1;33m)\u001b[0m\u001b[1;33m\u001b[0m\u001b[0m\n",
      "\u001b[1;32mC:\\Anaconda2\\lib\\site-packages\\sklearn\\mixture\\gmm.pyc\u001b[0m in \u001b[0;36mfit\u001b[1;34m(self, X, y)\u001b[0m\n\u001b[0;32m    596\u001b[0m         \u001b[0mself\u001b[0m\u001b[1;33m\u001b[0m\u001b[0m\n\u001b[0;32m    597\u001b[0m         \"\"\"\n\u001b[1;32m--> 598\u001b[1;33m         \u001b[0mself\u001b[0m\u001b[1;33m.\u001b[0m\u001b[0m_fit\u001b[0m\u001b[1;33m(\u001b[0m\u001b[0mX\u001b[0m\u001b[1;33m,\u001b[0m \u001b[0my\u001b[0m\u001b[1;33m)\u001b[0m\u001b[1;33m\u001b[0m\u001b[0m\n\u001b[0m\u001b[0;32m    599\u001b[0m         \u001b[1;32mreturn\u001b[0m \u001b[0mself\u001b[0m\u001b[1;33m\u001b[0m\u001b[0m\n\u001b[0;32m    600\u001b[0m \u001b[1;33m\u001b[0m\u001b[0m\n",
      "\u001b[1;32mC:\\Anaconda2\\lib\\site-packages\\sklearn\\mixture\\gmm.pyc\u001b[0m in \u001b[0;36m_fit\u001b[1;34m(self, X, y, do_prediction)\u001b[0m\n\u001b[0;32m    486\u001b[0m                 self.means_ = cluster.KMeans(\n\u001b[0;32m    487\u001b[0m                     \u001b[0mn_clusters\u001b[0m\u001b[1;33m=\u001b[0m\u001b[0mself\u001b[0m\u001b[1;33m.\u001b[0m\u001b[0mn_components\u001b[0m\u001b[1;33m,\u001b[0m\u001b[1;33m\u001b[0m\u001b[0m\n\u001b[1;32m--> 488\u001b[1;33m                     random_state=self.random_state).fit(X).cluster_centers_\n\u001b[0m\u001b[0;32m    489\u001b[0m                 \u001b[1;32mif\u001b[0m \u001b[0mself\u001b[0m\u001b[1;33m.\u001b[0m\u001b[0mverbose\u001b[0m \u001b[1;33m>\u001b[0m \u001b[1;36m1\u001b[0m\u001b[1;33m:\u001b[0m\u001b[1;33m\u001b[0m\u001b[0m\n\u001b[0;32m    490\u001b[0m                     \u001b[1;32mprint\u001b[0m\u001b[1;33m(\u001b[0m\u001b[1;34m'\\tMeans have been initialized.'\u001b[0m\u001b[1;33m)\u001b[0m\u001b[1;33m\u001b[0m\u001b[0m\n",
      "\u001b[1;32mC:\\Anaconda2\\lib\\site-packages\\sklearn\\cluster\\k_means_.pyc\u001b[0m in \u001b[0;36mfit\u001b[1;34m(self, X, y)\u001b[0m\n\u001b[0;32m    819\u001b[0m                 \u001b[0mprecompute_distances\u001b[0m\u001b[1;33m=\u001b[0m\u001b[0mself\u001b[0m\u001b[1;33m.\u001b[0m\u001b[0mprecompute_distances\u001b[0m\u001b[1;33m,\u001b[0m\u001b[1;33m\u001b[0m\u001b[0m\n\u001b[0;32m    820\u001b[0m                 \u001b[0mtol\u001b[0m\u001b[1;33m=\u001b[0m\u001b[0mself\u001b[0m\u001b[1;33m.\u001b[0m\u001b[0mtol\u001b[0m\u001b[1;33m,\u001b[0m \u001b[0mrandom_state\u001b[0m\u001b[1;33m=\u001b[0m\u001b[0mrandom_state\u001b[0m\u001b[1;33m,\u001b[0m \u001b[0mcopy_x\u001b[0m\u001b[1;33m=\u001b[0m\u001b[0mself\u001b[0m\u001b[1;33m.\u001b[0m\u001b[0mcopy_x\u001b[0m\u001b[1;33m,\u001b[0m\u001b[1;33m\u001b[0m\u001b[0m\n\u001b[1;32m--> 821\u001b[1;33m                 n_jobs=self.n_jobs)\n\u001b[0m\u001b[0;32m    822\u001b[0m         \u001b[1;32mreturn\u001b[0m \u001b[0mself\u001b[0m\u001b[1;33m\u001b[0m\u001b[0m\n\u001b[0;32m    823\u001b[0m \u001b[1;33m\u001b[0m\u001b[0m\n",
      "\u001b[1;32mC:\\Anaconda2\\lib\\site-packages\\sklearn\\cluster\\k_means_.pyc\u001b[0m in \u001b[0;36mk_means\u001b[1;34m(X, n_clusters, init, precompute_distances, n_init, max_iter, verbose, tol, random_state, copy_x, n_jobs, return_n_iter)\u001b[0m\n\u001b[0;32m    322\u001b[0m                 \u001b[0mX\u001b[0m\u001b[1;33m,\u001b[0m \u001b[0mn_clusters\u001b[0m\u001b[1;33m,\u001b[0m \u001b[0mmax_iter\u001b[0m\u001b[1;33m=\u001b[0m\u001b[0mmax_iter\u001b[0m\u001b[1;33m,\u001b[0m \u001b[0minit\u001b[0m\u001b[1;33m=\u001b[0m\u001b[0minit\u001b[0m\u001b[1;33m,\u001b[0m \u001b[0mverbose\u001b[0m\u001b[1;33m=\u001b[0m\u001b[0mverbose\u001b[0m\u001b[1;33m,\u001b[0m\u001b[1;33m\u001b[0m\u001b[0m\n\u001b[0;32m    323\u001b[0m                 \u001b[0mprecompute_distances\u001b[0m\u001b[1;33m=\u001b[0m\u001b[0mprecompute_distances\u001b[0m\u001b[1;33m,\u001b[0m \u001b[0mtol\u001b[0m\u001b[1;33m=\u001b[0m\u001b[0mtol\u001b[0m\u001b[1;33m,\u001b[0m\u001b[1;33m\u001b[0m\u001b[0m\n\u001b[1;32m--> 324\u001b[1;33m                 x_squared_norms=x_squared_norms, random_state=random_state)\n\u001b[0m\u001b[0;32m    325\u001b[0m             \u001b[1;31m# determine if these results are the best so far\u001b[0m\u001b[1;33m\u001b[0m\u001b[1;33m\u001b[0m\u001b[0m\n\u001b[0;32m    326\u001b[0m             \u001b[1;32mif\u001b[0m \u001b[0mbest_inertia\u001b[0m \u001b[1;32mis\u001b[0m \u001b[0mNone\u001b[0m \u001b[1;32mor\u001b[0m \u001b[0minertia\u001b[0m \u001b[1;33m<\u001b[0m \u001b[0mbest_inertia\u001b[0m\u001b[1;33m:\u001b[0m\u001b[1;33m\u001b[0m\u001b[0m\n",
      "\u001b[1;32mC:\\Anaconda2\\lib\\site-packages\\sklearn\\cluster\\k_means_.pyc\u001b[0m in \u001b[0;36m_kmeans_single\u001b[1;34m(X, n_clusters, x_squared_norms, max_iter, init, verbose, random_state, tol, precompute_distances)\u001b[0m\n\u001b[0;32m    430\u001b[0m     \u001b[1;31m# init\u001b[0m\u001b[1;33m\u001b[0m\u001b[1;33m\u001b[0m\u001b[0m\n\u001b[0;32m    431\u001b[0m     centers = _init_centroids(X, n_clusters, init, random_state=random_state,\n\u001b[1;32m--> 432\u001b[1;33m                               x_squared_norms=x_squared_norms)\n\u001b[0m\u001b[0;32m    433\u001b[0m     \u001b[1;32mif\u001b[0m \u001b[0mverbose\u001b[0m\u001b[1;33m:\u001b[0m\u001b[1;33m\u001b[0m\u001b[0m\n\u001b[0;32m    434\u001b[0m         \u001b[1;32mprint\u001b[0m\u001b[1;33m(\u001b[0m\u001b[1;34m\"Initialization complete\"\u001b[0m\u001b[1;33m)\u001b[0m\u001b[1;33m\u001b[0m\u001b[0m\n",
      "\u001b[1;32mC:\\Anaconda2\\lib\\site-packages\\sklearn\\cluster\\k_means_.pyc\u001b[0m in \u001b[0;36m_init_centroids\u001b[1;34m(X, k, init, random_state, x_squared_norms, init_size)\u001b[0m\n\u001b[0;32m    638\u001b[0m     \u001b[1;32mif\u001b[0m \u001b[0misinstance\u001b[0m\u001b[1;33m(\u001b[0m\u001b[0minit\u001b[0m\u001b[1;33m,\u001b[0m \u001b[0mstring_types\u001b[0m\u001b[1;33m)\u001b[0m \u001b[1;32mand\u001b[0m \u001b[0minit\u001b[0m \u001b[1;33m==\u001b[0m \u001b[1;34m'k-means++'\u001b[0m\u001b[1;33m:\u001b[0m\u001b[1;33m\u001b[0m\u001b[0m\n\u001b[0;32m    639\u001b[0m         centers = _k_init(X, k, random_state=random_state,\n\u001b[1;32m--> 640\u001b[1;33m                           x_squared_norms=x_squared_norms)\n\u001b[0m\u001b[0;32m    641\u001b[0m     \u001b[1;32melif\u001b[0m \u001b[0misinstance\u001b[0m\u001b[1;33m(\u001b[0m\u001b[0minit\u001b[0m\u001b[1;33m,\u001b[0m \u001b[0mstring_types\u001b[0m\u001b[1;33m)\u001b[0m \u001b[1;32mand\u001b[0m \u001b[0minit\u001b[0m \u001b[1;33m==\u001b[0m \u001b[1;34m'random'\u001b[0m\u001b[1;33m:\u001b[0m\u001b[1;33m\u001b[0m\u001b[0m\n\u001b[0;32m    642\u001b[0m         \u001b[0mseeds\u001b[0m \u001b[1;33m=\u001b[0m \u001b[0mrandom_state\u001b[0m\u001b[1;33m.\u001b[0m\u001b[0mpermutation\u001b[0m\u001b[1;33m(\u001b[0m\u001b[0mn_samples\u001b[0m\u001b[1;33m)\u001b[0m\u001b[1;33m[\u001b[0m\u001b[1;33m:\u001b[0m\u001b[0mk\u001b[0m\u001b[1;33m]\u001b[0m\u001b[1;33m\u001b[0m\u001b[0m\n",
      "\u001b[1;32mC:\\Anaconda2\\lib\\site-packages\\sklearn\\cluster\\k_means_.pyc\u001b[0m in \u001b[0;36m_k_init\u001b[1;34m(X, n_clusters, x_squared_norms, random_state, n_local_trials)\u001b[0m\n\u001b[0;32m    110\u001b[0m         \u001b[1;31m# Compute distances to center candidates\u001b[0m\u001b[1;33m\u001b[0m\u001b[1;33m\u001b[0m\u001b[0m\n\u001b[0;32m    111\u001b[0m         distance_to_candidates = euclidean_distances(\n\u001b[1;32m--> 112\u001b[1;33m             X[candidate_ids], X, Y_norm_squared=x_squared_norms, squared=True)\n\u001b[0m\u001b[0;32m    113\u001b[0m \u001b[1;33m\u001b[0m\u001b[0m\n\u001b[0;32m    114\u001b[0m         \u001b[1;31m# Decide which candidate is the best\u001b[0m\u001b[1;33m\u001b[0m\u001b[1;33m\u001b[0m\u001b[0m\n",
      "\u001b[1;32mC:\\Anaconda2\\lib\\site-packages\\sklearn\\metrics\\pairwise.pyc\u001b[0m in \u001b[0;36meuclidean_distances\u001b[1;34m(X, Y, Y_norm_squared, squared, X_norm_squared)\u001b[0m\n\u001b[0;32m    229\u001b[0m         \u001b[0mYY\u001b[0m \u001b[1;33m=\u001b[0m \u001b[0mrow_norms\u001b[0m\u001b[1;33m(\u001b[0m\u001b[0mY\u001b[0m\u001b[1;33m,\u001b[0m \u001b[0msquared\u001b[0m\u001b[1;33m=\u001b[0m\u001b[0mTrue\u001b[0m\u001b[1;33m)\u001b[0m\u001b[1;33m[\u001b[0m\u001b[0mnp\u001b[0m\u001b[1;33m.\u001b[0m\u001b[0mnewaxis\u001b[0m\u001b[1;33m,\u001b[0m \u001b[1;33m:\u001b[0m\u001b[1;33m]\u001b[0m\u001b[1;33m\u001b[0m\u001b[0m\n\u001b[0;32m    230\u001b[0m \u001b[1;33m\u001b[0m\u001b[0m\n\u001b[1;32m--> 231\u001b[1;33m     \u001b[0mdistances\u001b[0m \u001b[1;33m=\u001b[0m \u001b[0msafe_sparse_dot\u001b[0m\u001b[1;33m(\u001b[0m\u001b[0mX\u001b[0m\u001b[1;33m,\u001b[0m \u001b[0mY\u001b[0m\u001b[1;33m.\u001b[0m\u001b[0mT\u001b[0m\u001b[1;33m,\u001b[0m \u001b[0mdense_output\u001b[0m\u001b[1;33m=\u001b[0m\u001b[0mTrue\u001b[0m\u001b[1;33m)\u001b[0m\u001b[1;33m\u001b[0m\u001b[0m\n\u001b[0m\u001b[0;32m    232\u001b[0m     \u001b[0mdistances\u001b[0m \u001b[1;33m*=\u001b[0m \u001b[1;33m-\u001b[0m\u001b[1;36m2\u001b[0m\u001b[1;33m\u001b[0m\u001b[0m\n\u001b[0;32m    233\u001b[0m     \u001b[0mdistances\u001b[0m \u001b[1;33m+=\u001b[0m \u001b[0mXX\u001b[0m\u001b[1;33m\u001b[0m\u001b[0m\n",
      "\u001b[1;32mC:\\Anaconda2\\lib\\site-packages\\sklearn\\utils\\extmath.pyc\u001b[0m in \u001b[0;36msafe_sparse_dot\u001b[1;34m(a, b, dense_output)\u001b[0m\n\u001b[0;32m    182\u001b[0m         \u001b[1;32mreturn\u001b[0m \u001b[0mret\u001b[0m\u001b[1;33m\u001b[0m\u001b[0m\n\u001b[0;32m    183\u001b[0m     \u001b[1;32melse\u001b[0m\u001b[1;33m:\u001b[0m\u001b[1;33m\u001b[0m\u001b[0m\n\u001b[1;32m--> 184\u001b[1;33m         \u001b[1;32mreturn\u001b[0m \u001b[0mfast_dot\u001b[0m\u001b[1;33m(\u001b[0m\u001b[0ma\u001b[0m\u001b[1;33m,\u001b[0m \u001b[0mb\u001b[0m\u001b[1;33m)\u001b[0m\u001b[1;33m\u001b[0m\u001b[0m\n\u001b[0m\u001b[0;32m    185\u001b[0m \u001b[1;33m\u001b[0m\u001b[0m\n\u001b[0;32m    186\u001b[0m \u001b[1;33m\u001b[0m\u001b[0m\n",
      "\u001b[1;31mKeyboardInterrupt\u001b[0m: "
     ]
    }
   ],
   "source": [
    "import sklearn.mixture as mixture\n",
    "\n",
    "# Randomly Sample\n",
    "samples = 10000\n",
    "perm = np.random.permutation(xrange(1, len(syn_normalized[:])))\n",
    "syn_normalized_sample = syn_normalized[perm[:samples]]\n",
    "bics = []\n",
    "max_clusters = 30\n",
    "for i in range(1,15):\n",
    "    print (\"\\ntest: bic loop #%d: \" %(i)),\n",
    "    bic = np.array([])\n",
    "    i = np.array(range(1, max_clusters))\n",
    "    print (\"cluster loop: \"),\n",
    "    for idx in range(1, max_clusters):\n",
    "        print (\"%d, \" %(idx)),\n",
    "        gmm = mixture.GMM(n_components=idx, n_iter=1000, covariance_type='diag')\n",
    "        gmm.fit(syn_normalized_sample)\n",
    "        bic = np.append(bic, gmm.bic(syn_normalized_sample))\n",
    "    bics.append(bic)\n",
    "bic = np.asarray(bics)\n",
    "bic_mean = np.max(bic,0)\n",
    "\n",
    "plt.figure(figsize=(7,7))\n",
    "plt.plot(i, 1.0/bic_mean)\n",
    "plt.title('BIC')\n",
    "plt.ylabel('score')\n",
    "plt.xlabel('number of clusters')\n",
    "plt.show()\n"
   ]
  },
  {
   "cell_type": "markdown",
   "metadata": {},
   "source": [
    "#### 1.2) Compute mean, variance on each cluster"
   ]
  },
  {
   "cell_type": "code",
   "execution_count": 57,
   "metadata": {
    "collapsed": false
   },
   "outputs": [
    {
     "name": "stdout",
     "output_type": "stream",
     "text": [
      " # of samples in cluster 1: 375\n",
      "centroid:  [  817.408  2347.744   599.936   299.237]\n",
      "cluster covariance: \n",
      "[[  63050.151  -11956.492    2165.056    -132.121]\n",
      " [ -11956.492  220376.405    4262.607  -20305.616]\n",
      " [   2165.056    4262.607  122317.793    -666.514]\n",
      " [   -132.121  -20305.616    -666.514   12271.565]]\n",
      "determinant of covariance matrix:  1.74281068913e+19\n",
      "\n",
      "# of samples in cluster 2: 322\n",
      "centroid:  [  812.929  2282.835   589.317   301.487]\n",
      "cluster covariance: \n",
      "[[  64563.979   -6830.962    -803.379     985.432]\n",
      " [  -6830.962  217029.154    7928.417  -17712.872]\n",
      " [   -803.379    7928.417  121322.311    1030.076]\n",
      " [    985.432  -17712.872    1030.076   10326.677]]\n",
      "determinant of covariance matrix:  1.49667118111e+19\n",
      "\n",
      "# of samples in cluster 3: 438\n",
      "centroid:  [  800.158  2360.473   598.089   305.168]\n",
      "cluster covariance: \n",
      "[[  62652.023    5396.623   -4513.305   -1752.619]\n",
      " [   5396.623  204276.428    5476.647  -19176.1  ]\n",
      " [  -4513.305    5476.647  117005.985    4227.   ]\n",
      " [  -1752.619  -19176.1      4227.      10317.851]]\n",
      "determinant of covariance matrix:  1.23595433868e+19\n",
      "\n",
      "# of samples in cluster 4: 341\n",
      "centroid:  [  850.466  2332.449   628.554   296.65 ]\n",
      "cluster covariance: \n",
      "[[  64840.044   -1761.298   -2905.777    -386.905]\n",
      " [  -1761.298  223860.266   -4215.902  -15345.204]\n",
      " [  -2905.777   -4215.902  131163.283     568.356]\n",
      " [   -386.905  -15345.204     568.356   10592.915]]\n",
      "determinant of covariance matrix:  1.81228521211e+19\n",
      "\n",
      "# of samples in cluster 5: 585\n",
      "centroid:  [  845.467  2318.6     631.062   305.44 ]\n",
      "cluster covariance: \n",
      "[[  63430.277     -73.072    6328.559    -680.851]\n",
      " [    -73.072  210504.477    1210.432  -18911.856]\n",
      " [   6328.559    1210.432  118862.596   -1219.507]\n",
      " [   -680.851  -18911.856   -1219.507    9711.647]]\n",
      "determinant of covariance matrix:  1.26221810968e+19\n",
      "\n",
      "# of samples in cluster 6: 250\n",
      "centroid:  [  813.196  2363.656   593.128   299.592]\n",
      "cluster covariance: \n",
      "[[  61682.206   -7885.157   -8191.511    2018.799]\n",
      " [  -7885.157  199260.138   11007.691  -11423.605]\n",
      " [  -8191.511   11007.691  139451.156   -1954.976]\n",
      " [   2018.799  -11423.605   -1954.976   10853.322]]\n",
      "determinant of covariance matrix:  1.71102938811e+19\n",
      "\n",
      "# of samples in cluster 7: 307\n",
      "centroid:  [  838.762  2336.505   626.27    301.461]\n",
      "cluster covariance: \n",
      "[[  63811.829  -18718.474     822.234    1129.268]\n",
      " [ -18718.474  206218.081    3984.494  -14839.942]\n",
      " [    822.234    3984.494  124434.204     311.719]\n",
      " [   1129.268  -14839.942     311.719   11325.991]]\n",
      "determinant of covariance matrix:  1.63308764279e+19\n",
      "\n",
      "# of samples in cluster 8: 179\n",
      "centroid:  [  819.263  2336.156   616.821   321.86 ]\n",
      "cluster covariance: \n",
      "[[  64861.948   -1087.738   12531.845    -793.797]\n",
      " [  -1087.738  202948.908   13502.888  -20489.001]\n",
      " [  12531.845   13502.888  117141.148   -3533.909]\n",
      " [   -793.797  -20489.001   -3533.909    9508.128]]\n",
      "determinant of covariance matrix:  1.10718374189e+19\n",
      "\n",
      "# of samples in cluster 9: 298\n",
      "centroid:  [  825.567  2285.631   634.584   307.088]\n",
      "cluster covariance: \n",
      "[[  62984.327   -9516.14    -2681.352     259.025]\n",
      " [  -9516.14   208753.392   -6227.077  -25336.07 ]\n",
      " [  -2681.352   -6227.077  111734.567    -972.687]\n",
      " [    259.025  -25336.07     -972.687   11668.124]]\n",
      "determinant of covariance matrix:  1.24410422298e+19\n",
      "\n",
      "# of samples in cluster 10: 546\n",
      "centroid:  [  802.429  2319.571   627.687   302.228]\n",
      "cluster covariance: \n",
      "[[  60208.66     1002.09     1083.057    -101.842]\n",
      " [   1002.09   211555.137   -2601.415  -20930.95 ]\n",
      " [   1083.057   -2601.415  132052.575    -953.445]\n",
      " [   -101.842  -20930.95     -953.445   10240.737]]\n",
      "determinant of covariance matrix:  1.37166554919e+19\n",
      "\n",
      "# of samples in cluster 11: 209\n",
      "centroid:  [  837.627  2335.789   616.904   303.323]\n",
      "cluster covariance: \n",
      "[[  60269.485    8011.421   -1891.348     148.132]\n",
      " [   8011.421  219351.138  -19007.289  -18165.306]\n",
      " [  -1891.348  -19007.289  115994.597    -541.238]\n",
      " [    148.132  -18165.306    -541.238   10944.885]]\n",
      "determinant of covariance matrix:  1.41244917096e+19\n",
      "\n",
      "# of samples in cluster 12: 568\n",
      "centroid:  [  828.731  2351.278   611.368   296.645]\n",
      "cluster covariance: \n",
      "[[  60364.959   -6083.48    -5163.774     324.094]\n",
      " [  -6083.48   212023.157    3891.471  -18565.319]\n",
      " [  -5163.774    3891.471  123273.316   -2052.   ]\n",
      " [    324.094  -18565.319   -2052.      11893.512]]\n",
      "determinant of covariance matrix:  1.60490757316e+19\n",
      "\n",
      "# of samples in cluster 13: 132\n",
      "centroid:  [  831.5    2292.591   694.932   300.401]\n",
      "cluster covariance: \n",
      "[[  68832.023  -18867.366   -1228.202    4557.385]\n",
      " [ -18867.366  225486.931   -5976.784  -19010.897]\n",
      " [  -1228.202   -5976.784  107382.659      47.324]\n",
      " [   4557.385  -19010.897      47.324   12464.789]]\n",
      "determinant of covariance matrix:  1.74396600536e+19\n",
      "\n",
      "# of samples in cluster 14: 249\n",
      "centroid:  [  838.157  2340.554   623.373   308.939]\n",
      "cluster covariance: \n",
      "[[  69775.85    10849.933   -3912.168   -5025.238]\n",
      " [  10849.933  212351.571   17048.066  -17418.84 ]\n",
      " [  -3912.168   17048.066  120347.63     1554.065]\n",
      " [  -5025.238  -17418.84     1554.065   11277.983]]\n",
      "determinant of covariance matrix:  1.66420060072e+19\n",
      "\n",
      "# of samples in cluster 15: 266\n",
      "centroid:  [  822.312  2310.425   635.038   305.129]\n",
      "cluster covariance: \n",
      "[[  60082.132     584.773    1913.505    -309.871]\n",
      " [    584.773  209403.551  -10427.922  -23366.766]\n",
      " [   1913.505  -10427.922  114676.716     252.255]\n",
      " [   -309.871  -23366.766     252.255   11906.042]]\n",
      "determinant of covariance matrix:  1.3335824648e+19\n",
      "\n",
      "# of samples in cluster 16: 322\n",
      "centroid:  [  852.534  2351.267   632.407   297.385]\n",
      "cluster covariance: \n",
      "[[  67441.801  -14553.081   -3522.857    2636.587]\n",
      " [ -14553.081  205722.689    1562.866  -15370.355]\n",
      " [  -3522.857    1562.866  131956.716   -1845.22 ]\n",
      " [   2636.587  -15370.355   -1845.22    10426.709]]\n",
      "determinant of covariance matrix:  1.66015947938e+19\n",
      "\n",
      "# of samples in cluster 17: 191\n",
      "centroid:  [  801.859  2312.555   593.728   291.786]\n",
      "cluster covariance: \n",
      "[[  66611.585  -16560.584    2211.261    1169.383]\n",
      " [ -16560.584  217853.89     -149.827  -26442.068]\n",
      " [   2211.261    -149.827  113476.104   -2416.767]\n",
      " [   1169.383  -26442.068   -2416.767   14403.749]]\n",
      "determinant of covariance matrix:  1.79738070784e+19\n",
      "\n",
      "# of samples in cluster 18: 452\n",
      "centroid:  [  810.993  2378.686   636.768   293.976]\n",
      "cluster covariance: \n",
      "[[  65886.126   -4177.266   -3354.926      -1.102]\n",
      " [  -4177.266  232502.114    4780.69   -22839.005]\n",
      " [  -3354.926    4780.69   121645.004     591.392]\n",
      " [     -1.102  -22839.005     591.392   12411.778]]\n",
      "determinant of covariance matrix:  1.8864463784e+19\n",
      "\n",
      "# of samples in cluster 19: 185\n",
      "centroid:  [  822.4    2283.919   596.2     307.939]\n",
      "cluster covariance: \n",
      "[[  62661.893      57.864    5147.746    2718.846]\n",
      " [     57.864  181081.216   -7868.25   -20533.578]\n",
      " [   5147.746   -7868.25   127772.824   -1095.595]\n",
      " [   2718.846  -20533.578   -1095.595    9870.76 ]]\n",
      "determinant of covariance matrix:  1.06432800142e+19\n",
      "\n",
      "# of samples in cluster 20: 906\n",
      "centroid:  [  830.252  2359.281   603.874   300.332]\n",
      "cluster covariance: \n",
      "[[  59778.222   -3157.075   -2415.313    1932.905]\n",
      " [  -3157.075  210839.002    7225.802  -23275.295]\n",
      " [  -2415.313    7225.802  121593.166     205.26 ]\n",
      " [   1932.905  -23275.295     205.26    12074.737]]\n",
      "determinant of covariance matrix:  1.44366788087e+19\n",
      "\n",
      "# of samples in cluster 21: 501\n",
      "centroid:  [  824.533  2307.725   610.222   302.452]\n",
      "cluster covariance: \n",
      "[[  64159.617  -11872.665    2254.07     -315.074]\n",
      " [ -11872.665  216409.568   -8035.229  -20614.409]\n",
      " [   2254.07    -8035.229  122199.629    1392.903]\n",
      " [   -315.074  -20614.409    1392.903   11127.98 ]]\n",
      "determinant of covariance matrix:  1.5285977384e+19\n",
      "\n",
      "# of samples in cluster 22: 197\n",
      "centroid:  [  817.411  2308.761   577.32    313.332]\n",
      "cluster covariance: \n",
      "[[  62493.672    5121.971   -5093.627   -2364.008]\n",
      " [   5121.971  205902.795    8626.944  -22161.873]\n",
      " [  -5093.627    8626.944  119622.066   -1947.574]\n",
      " [  -2364.008  -22161.873   -1947.574   11185.065]]\n",
      "determinant of covariance matrix:  1.33274093213e+19\n",
      "\n",
      "# of samples in cluster 23: 911\n",
      "centroid:  [  815.225  2321.91    583.438   307.164]\n",
      "cluster covariance: \n",
      "[[  61089.588   -2885.438    4641.515     300.301]\n",
      " [  -2885.438  206290.609    4674.     -20832.091]\n",
      " [   4641.515    4674.     129165.148    -419.588]\n",
      " [    300.301  -20832.091    -419.588   10635.395]]\n",
      "determinant of covariance matrix:  1.38280029436e+19\n",
      "\n",
      "# of samples in cluster 24: 283\n",
      "centroid:  [  820.085  2307.756   608.039   302.09 ]\n",
      "cluster covariance: \n",
      "[[  64552.333   -5435.756    1945.029    1847.637]\n",
      " [  -5435.756  202652.142    6851.999  -19813.692]\n",
      " [   1945.029    6851.999  117133.023   -1702.902]\n",
      " [   1847.637  -19813.692   -1702.902   11399.804]]\n",
      "determinant of covariance matrix:  1.43732771219e+19\n",
      "\n",
      "# of samples in cluster 25: 363\n",
      "centroid:  [  829.62   2333.364   630.182   302.616]\n",
      "cluster covariance: \n",
      "[[  66408.203    4095.47    -3274.472   -2523.173]\n",
      " [   4095.47   216595.442   -3420.149  -17393.181]\n",
      " [  -3274.472   -3420.149  124503.365     124.49 ]\n",
      " [  -2523.173  -17393.181     124.49    11019.199]]\n",
      "determinant of covariance matrix:  1.70525363102e+19\n",
      "\n",
      "# of samples in cluster 26: 240\n",
      "centroid:  [  830.2    2359.6     597.05    303.132]\n",
      "cluster covariance: \n",
      "[[  57545.985   -3409.84     9860.701      93.135]\n",
      " [  -3409.84   222483.479    8969.543  -19274.352]\n",
      " [   9860.701    8969.543  121598.131    2539.665]\n",
      " [     93.135  -19274.352    2539.665   10685.229]]\n",
      "determinant of covariance matrix:  1.36357036577e+19\n",
      "\n",
      "# of samples in cluster 27: 384\n",
      "centroid:  [  828.656  2333.031   594.102   307.187]\n",
      "cluster covariance: \n",
      "[[  65851.589    9253.577   -2805.114   -1319.486]\n",
      " [   9253.577  222128.051   -7883.4    -25937.253]\n",
      " [  -2805.114   -7883.4    125626.666     759.638]\n",
      " [  -1319.486  -25937.253     759.638   12496.969]]\n",
      "determinant of covariance matrix:  1.72437756467e+19\n",
      "\n"
     ]
    }
   ],
   "source": [
    "# From the BIC curve above, we see an elbow at 27 clusters. (Not sure what to do about the weird spike)\n",
    "\n",
    "n_clusters = 27\n",
    "gmm = mixture.GMM(n_components=n_clusters, n_iter=1000, covariance_type='diag')\n",
    "clusters = [[] for i in xrange(n_clusters)]\n",
    "predicted = gmm.fit_predict(syn_normalized_sample)\n",
    "for label, row in zip(predicted, syn_normalized[:,]):\n",
    "    clusters[label].append(row)\n",
    "\n",
    "for i in xrange(n_clusters):\n",
    "    clusters[i] = np.array(clusters[i])\n",
    "    print \"# of samples in cluster %d: %d\" % (i+1, len(clusters[i])) \n",
    "    print \"centroid: \", np.average(clusters[i], axis=0)\n",
    "    print \"cluster covariance: \"\n",
    "    covar = np.cov(clusters[i].T)\n",
    "    print covar\n",
    "    print \"determinant of covariance matrix: \", np.linalg.det(covar)\n",
    "    print"
   ]
  },
  {
   "cell_type": "markdown",
   "metadata": {},
   "source": [
    "#### 1.3) Scatter plot with 24 clusters"
   ]
  },
  {
   "cell_type": "code",
   "execution_count": 58,
   "metadata": {
    "collapsed": false
   },
   "outputs": [
    {
     "data": {
